0,1,2,3,4,5,6,7,8,9,10,11,12,13,14,15,16,17,18,19,20,21,22,23,24,25,26,27,28,29,30,31,32,33,34,35,36,37,38,39,40,41,42,43,44,45,46,47,48,49
1.2960227,0.14878984,5.576852,1.7085006,0.3469032,0.3713672,2.0233064,1.9904357,4.2062354,3.7331502,1.6569446,0.8140576,0.4569577,1.0522851,2.021709,1.0588427,1.5692455,-0.18377468,0.63513726,1.150353,-0.372967,3.7927468,1.8792906,5.6821213,0.45671338,4.426568,4.117078,1.7805592,0.18123193,3.454962,7.1094136,0.026912684,2.3340812,4.10631,0.87081784,0.9399317,4.3829207,3.538583,1.3798975,-0.18053085,5.895246,1.9075066,1.9510703,-0.42555645,4.590055,2.361273,-0.16305666,2.5414393,1.9877702,0.76396084
1.3196372,-0.6946764,3.1518617,-0.16888389,-1.1531575,-0.717823,0.21030964,-0.0626821,1.7057401,0.72422785,-0.5198301,-0.73930055,0.3341887,-0.40442094,0.46208635,-0.28471515,0.13398366,-0.35344255,0.18031566,-0.63802415,-1.3128088,1.4484621,0.43298593,3.8683133,-0.76167643,1.8928878,1.6855077,0.10661343,-0.12790863,1.8335488,3.6614268,-1.1525105,-0.14443363,1.5079002,-1.424515,-0.17352486,2.1750586,2.1886427,-0.37165976,-0.19993596,3.4505696,-0.0059432182,-0.28690168,-1.7878097,2.5631363,-0.120637834,-1.468608,1.1886046,0.1853214,-0.79305476
-0.33864588,-1.8478659,0.04129163,-1.5169202,-1.4559803,-1.4548,-1.1057338,-0.38258415,-0.4951233,-0.5706783,-1.2293369,-1.4003105,-1.9433521,-1.4223552,-1.5987693,-1.2617062,-0.629079,-1.0525239,-0.26365316,-1.3687938,-1.7642118,-0.13270289,-0.6884433,0.9338945,-1.443262,0.122536846,-0.018872648,-1.2516716,-1.2199337,-0.7226611,0.63759124,-2.0367992,-1.4675055,-0.1878744,-1.4482918,-0.4767873,0.419632,-0.031505078,-1.5142066,-1.1481985,0.8314039,-1.1392324,-0.979617,-2.2160215,-0.011591466,-0.9026961,-1.5269101,-0.21033165,-0.85160625,-2.03882
-0.16643216,-1.4241747,-0.74285233,-1.4828271,-1.1388998,-1.1310368,-1.202854,-1.6543746,-0.8802369,-1.6515716,-0.50211686,-1.6063604,-1.4321469,-1.1711515,-2.2587347,-1.0383182,-0.66449356,-0.63712275,-0.58857316,-0.7548696,-1.2152088,-1.409695,-1.0250379,-0.106338084,-1.2773747,-0.8198362,-0.78773177,-1.3879946,-2.1684306,-1.7775946,-0.2691484,-1.3420482,-1.3759025,-0.87741995,-2.060637,-0.9029659,-0.3426798,-0.15848537,-1.475133,-0.4497671,-0.023014039,-0.8564098,-1.1973789,-1.6550125,-0.7287216,-1.2621863,-1.0439202,-0.6854974,-1.250346,-1.8835886
0.24945551,-0.7251569,-0.30737948,-0.8786095,-0.71615297,-0.4638509,-1.0869151,-0.11922163,-0.55205786,-1.6331422,-1.0357519,-1.410147,-0.22176912,-0.5344155,-0.9044043,-0.6817401,-0.77042913,-0.25658137,0.08038368,-0.32240212,-0.8154219,-1.5419124,-0.056828726,-0.048358213,-1.0473028,-0.6918716,-0.36858034,-0.74249756,-0.94139713,-0.5486029,-0.10868857,-0.89191353,-0.6119253,-0.9724046,-1.3883841,-0.2554906,-0.5090863,-0.69265354,-1.080461,-0.34941864,-0.08660699,-0.9505418,-0.87976164,-0.97158897,-0.15403138,-0.22899193,-0.40701598,-0.51785976,-1.076495,-0.8415765
1.2735131,-0.3112109,0.1093583,-0.7751677,-1.0771301,-0.28921872,-1.0016258,1.44811,-0.41356495,-0.1834738,-0.80645686,-1.1472747,0.084441274,-0.386323,-0.7880048,-0.50616026,0.4005948,1.313393,0.83921623,-0.6774162,-0.99316454,-1.3662467,-0.3983177,0.12580007,-0.6799245,-0.47955838,-0.56682366,-0.38730523,-0.84824014,-1.1116945,-0.59417796,-0.90671027,0.4984623,-0.69125724,-0.32535103,0.03967272,-0.779367,-0.8087903,-1.0065482,0.043046348,0.2106915,-0.45765448,-1.0332913,-0.91386026,0.48013324,-0.099332355,-0.4765034,-0.30304193,-0.9893424,-1.0499359
0.53547627,-1.0047033,-0.4483765,-1.4279745,-1.2902397,-0.611999,-0.6744943,0.93450767,-0.8820869,-0.65457547,-1.2290847,-0.6638749,-0.059754547,-1.001037,-0.25425804,-0.53437454,0.27431667,-0.014664242,-0.34815228,-0.6435581,-0.90717024,-1.059768,0.29124042,-0.438504,-1.0486028,-0.8365557,-0.95969397,-0.13444228,-0.67814374,-0.3309494,-0.39061573,-0.928505,-0.27692932,-1.0938562,-1.0777857,-0.37236488,-1.0361814,0.59080744,-0.9497021,0.1460329,-0.68723285,-0.7734446,-0.7903921,-0.87426805,-0.08151954,-0.8735059,-0.64410573,-0.34676036,-1.2236346,-1.2245235
-0.113421574,-0.011597168,-0.7282613,-0.66859424,-0.41361615,0.56596774,0.4889062,-1.5499859,-0.9905974,-0.06876424,-0.532532,0.013828341,-1.4744624,-0.9874196,0.11770001,-0.057660017,-0.24149112,0.35417145,-0.40812474,0.020910515,-0.23516159,-0.5007132,0.21056537,-0.95682406,-0.46902674,-0.35355648,-0.7736029,0.22614864,-1.108392,-0.24788937,-0.78986573,0.49027738,-1.1247603,-0.60608274,-1.2904475,0.0733469,-0.65552366,-1.6525984,-0.11980884,0.34302637,-1.5180571,0.26544598,0.19413266,-0.5203016,-0.3332606,-1.5425314,-0.20858994,-0.23234186,-0.84315675,-1.215645
-0.83002806,-0.2638811,-1.4504182,-0.56776756,-0.4270772,0.3554711,0.18367092,-1.5961249,-0.73625785,-0.19491743,-0.23578785,-0.05970634,-0.4630661,-1.0288867,-0.7138733,0.035876736,0.014208986,0.79988724,0.32345968,-0.5250229,-0.16538113,-0.37395722,-0.76601857,-1.4530892,-0.6252366,-1.4220526,-0.9167071,-0.34725118,-0.9670311,-0.4134286,-0.7581606,0.84943813,-1.208902,-0.33704475,-1.0287657,-0.050435465,-0.7055431,-2.0319684,-0.07156022,0.17347907,-1.4948401,-0.23301147,-0.0048838407,-0.5102376,-0.29256007,-1.7516904,-0.024260584,-0.4095126,-0.87575096,-1.806856
-0.041473135,-0.5671379,-0.7224299,-0.60328126,-0.9791237,0.21982084,-0.21709545,-1.1111065,-0.63431793,-0.6508862,-0.8719202,-0.45643073,0.3670727,-0.93491226,-0.66191626,0.012506231,0.7852854,1.1269599,-0.12349615,-1.218724,-0.6749589,-0.33720124,-0.9796837,-0.92736554,-0.8310609,-1.3937507,-0.9257261,-0.12719773,-0.06726133,0.07744526,-0.72783697,0.5138826,-0.8926245,-0.23437038,-1.644234,-0.33858243,-0.54943186,-0.18440506,-0.5454061,-0.071684726,-1.0156611,-0.3799662,-0.50313133,-0.88279194,0.102782406,-1.7499195,-0.49808255,0.10174729,-0.9715348,-1.918697
-0.8262764,-0.9471425,-1.1103578,-0.8534593,-1.4782044,-0.44539908,-0.25501022,-0.22005045,-0.21867973,-0.81861216,-1.9842299,-0.6617358,0.5730803,-1.245183,-0.12947002,-0.3091803,-0.0788121,-0.6888335,-0.4570453,-1.3786366,-0.94847286,-0.09393575,-0.70864606,-0.641746,-1.20261,-1.3563378,-0.97844946,-0.7110116,0.342136,0.46325174,-0.5270031,-0.3482982,-1.3795154,-0.34430015,-1.5589622,-0.5163734,-0.43416965,-0.6623921,-0.74648476,-0.3684179,-0.85604113,-1.3289356,-0.39800906,-1.1471382,-0.15768187,-1.5966991,-0.9555095,-0.0045508593,-1.0051284,-1.9982221
-2.1355069,-0.35225636,-2.3926067,-0.9580956,-0.78507197,-0.6294678,-0.4207454,-0.7784307,-0.8851489,-0.86612886,-0.1500898,-0.54604757,-1.6818626,-1.4920526,-1.468324,-0.3482315,-0.8057821,-1.5565964,-0.8503677,-1.3083434,-0.52686435,-0.26592588,-1.7807512,-1.9914336,-0.75864327,-1.5534581,-1.6509103,-1.70578,-0.964677,-1.1142114,-1.3692273,-0.27246916,-1.3167101,-0.7992454,-1.1467174,-0.42169592,-0.9837408,-1.9234897,-1.0164716,0.10907442,-1.7119083,-0.40637755,-0.21797729,-0.73916066,-1.1345651,-1.7431346,-0.8693206,-0.6595511,-1.1874516,-2.605257
-0.92954814,-0.4711425,-1.5595531,-0.42051476,-0.5497996,-0.32036492,-0.41108382,-0.6519148,-0.4481722,-1.2798074,-0.6548542,-0.51592696,-0.051399037,-0.8860069,-0.57380384,0.045482177,-0.0062260637,-0.9992266,-0.9825926,-0.63886905,-0.30221128,-0.6227708,-0.32123184,-1.2313538,-0.82586116,-1.575363,-1.1826226,-0.83949804,-0.5328966,-0.24724399,-0.7340537,-0.26414818,-1.0653323,-0.6199293,-0.65377337,-0.0045476374,-0.76514006,-0.12479851,-0.74488074,-0.21609418,-1.1184707,-0.7782151,-0.3115603,-0.5253203,-0.49196175,-1.5165659,-0.86457056,-0.4927114,-0.8047024,-1.6396911
-0.36308265,0.24059568,-0.9781203,0.1607803,-0.010070263,0.20499198,-0.06684905,-0.74530965,-0.26601353,0.047482513,0.10460899,0.0055198763,-0.9973439,0.026649026,0.28391063,0.13901894,-0.18157297,-0.14308356,0.3047411,0.17547935,0.06900024,-0.44514588,0.64385045,-0.6190976,-0.21147548,-0.484865,-0.4617723,0.28389612,-0.30697325,-0.2613132,-0.6397671,0.114892446,-0.6921924,0.15080535,-0.09681506,0.6914791,-0.4596347,-1.3269877,0.012917625,0.41496477,-0.5722496,-0.10916333,0.1764407,-0.059029825,-0.0049305214,0.06866962,-0.100208975,-0.014849604,-0.1801881,-0.53712827
1.2519542,-0.18983531,0.119011216,0.53370667,-0.41939685,-0.11893973,0.002648736,-0.23041603,-0.12589394,0.7116228,-0.51122564,0.010925153,-0.26421133,0.28198183,0.2772128,-0.0008483439,0.41172156,1.1935493,1.6056159,-0.055740252,-0.3892296,-0.2326028,0.02482518,0.635748,-0.32541913,-0.040005602,-0.16459762,0.6173548,-0.018422132,0.29212996,-0.84560883,0.061902657,0.13697241,0.77446455,0.59046656,0.19751905,-0.26400283,-0.45758724,0.0136020025,0.8901741,0.6386831,0.7181167,-0.12683621,0.05966712,0.5826075,0.85512686,-0.33589417,0.22835176,0.22105011,0.341657
0.4251382,-0.5298873,-0.3520459,0.11041539,-0.967787,-0.85726476,-0.5198838,0.46306574,-0.025516886,0.1960447,-1.4191396,-0.024600694,0.9538573,-0.08126488,-0.020028511,-0.20067438,-0.2192684,0.18639024,0.08486419,-0.27031592,-0.64711493,-0.48188448,0.19890054,0.37783757,-1.0138655,0.008553591,-0.0030893164,0.2675262,0.9228629,0.91740364,-0.7460381,-0.65673214,-0.25609025,0.018394012,0.34576312,-0.68366146,-0.3348057,0.961843,-0.45098338,0.29120335,0.41631064,-0.39641,-0.70827657,-0.1840201,-0.5137935,0.7666616,-0.584961,-0.032556977,0.196542,0.034822043
-0.8793384,-0.15179539,-1.1675308,0.34803447,-0.060503285,-0.28045622,-0.046088006,-0.2926444,-0.3392151,0.4753717,0.67225224,0.42493498,-1.1078961,-0.18718745,-0.2049671,-0.13373731,-1.0014715,-0.6315486,-0.067672305,0.2226653,0.12654108,-0.53261465,-0.71005994,-0.80746967,-0.47289044,0.67190516,-0.26888767,0.04604474,-0.07469745,0.45111865,-1.0534191,0.12909733,-0.29054278,0.20821,0.455312,-0.4572541,-0.41762865,-0.62357795,-0.03464661,-0.18961193,-0.43170163,0.8358883,0.22137682,0.29591918,-1.2394335,0.84133327,-0.073930934,-0.32984024,0.37863806,0.016778545
-0.6840241,-0.7012643,-0.86454356,0.27209967,-0.18722928,-0.04280145,-0.077443995,0.4478838,-0.2532551,-0.23672935,0.09042579,0.31291395,-0.6391331,0.16973379,-0.12114648,-0.02025079,-0.44876972,-0.32780156,-0.1748063,0.35275406,0.015165423,-0.49051866,0.09810433,-0.59048253,-0.53591967,0.51789206,0.1647733,0.26606336,-0.8677833,0.4995542,-0.030565422,0.12638168,0.10882919,0.3874239,0.5084559,-0.07297875,-0.48857075,-0.08727168,0.2833323,0.2959468,-0.5218448,0.23087938,0.32487115,0.24944946,-0.3981159,0.46035114,-0.049746964,-0.20310636,0.48527905,0.3444256
-0.5080331,-0.070524134,-0.53500456,0.19981311,-0.42634186,0.17519386,-0.1295358,0.10194566,-0.20537904,-0.7170201,-0.027673002,0.14431898,-0.34589908,0.028464673,-0.043243375,0.015489117,-0.37461177,-0.37033644,-0.5029456,0.07481317,-0.20122224,-0.32787356,0.049215306,-0.32529333,-0.5613588,0.26479784,0.08411433,-0.43826094,0.035984814,0.5408261,-0.16239391,0.009191396,-0.19807594,0.40758067,-0.68024176,-0.0015158792,-0.27711567,0.41410413,0.26588064,-0.09910553,-0.25645873,-0.009141363,0.021713939,0.071244724,-0.14945643,0.3758562,-0.22317183,-0.19824275,0.40160164,0.6151497
-0.19721581,-0.98912907,-0.20951036,0.41086146,-0.9644779,-0.54555,-0.3250125,-1.1026255,0.22177364,0.34525594,-0.9457044,-0.05749075,-1.5095619,-0.05233166,-0.102808684,-0.15874977,-0.45656773,-0.9682259,0.42435414,-0.5510026,-0.64311635,0.19648834,0.32095993,0.85470325,-0.8255542,0.40982118,0.26424637,0.5432722,-0.8183089,0.5991359,-0.049250048,-0.5109928,-0.93095165,0.3924567,-0.8908331,-0.03737725,0.026375644,-1.103485,-0.17776705,-0.0615129,0.7885062,-0.6575651,-0.29092368,-0.363287,0.4204929,0.8811669,-0.4687911,0.24303961,0.47826052,-0.2733256
-1.3342324,-1.3587508,-1.8457409,-0.119648956,-0.32104325,-0.9001224,-1.00879,-1.2139945,-0.4941664,0.6261543,-0.27471286,-0.066066615,-1.0992241,-0.21002947,-1.1166545,-0.31049386,-0.10273005,-1.2634832,-0.42140034,-0.6556608,-0.022236118,-0.49357012,0.007559036,-0.7841028,-1.022297,-0.0012115567,-0.32874134,-0.54954153,-0.4297999,-0.6316629,-0.88491213,-0.18173896,-2.3587162,-0.23850903,-0.9353842,-0.5168065,-0.39748803,0.07040643,-0.27221113,-0.33810535,-0.58082914,-0.019428728,-0.2239624,-0.09102755,-1.0745455,0.4134157,0.046759084,-0.59921443,-0.16192625,-0.43407026
-1.5604589,-0.20340581,-1.6731051,0.32624197,0.23753974,-0.4605088,-0.88800764,-0.8144484,0.023379847,0.3015652,0.35921323,0.015222634,-0.56744665,-0.1989013,-0.6311582,0.073504895,-0.53405446,-1.0508516,-0.07421053,-0.5325422,0.51047987,-0.5612739,0.43714613,-0.98056585,-0.49213684,0.5263487,-0.022210868,-0.21378413,-0.14804967,-0.29267853,-0.6078547,0.29074752,-1.5928017,-0.3012275,-0.24413405,-0.16999501,-0.38164335,-0.69119173,0.057594642,0.20265013,-0.8073754,-0.06857355,0.03942983,0.26208922,-0.96752,0.28034502,0.5002022,-0.67935055,0.18046066,0.17306007
-1.1745069,-0.23324879,-1.1728412,0.66384834,0.14061601,-0.2062839,-0.9494331,-0.2474826,0.042900264,0.83299357,0.6374561,0.12134178,-1.0309558,0.0070868838,-0.6339544,0.15448068,0.09712043,-0.36377612,1.2548748,-0.75229275,0.39157024,-0.46378392,0.4843493,-0.8422701,-0.25462636,0.82109624,0.39244568,-0.42704582,-0.8384125,-0.32714167,-0.7438622,-0.05960481,-0.23252848,0.009733498,0.62965155,0.5548334,-0.4308486,-0.95337766,0.04801336,0.18202746,-0.5841914,0.028250275,0.21943766,-0.017552277,-0.28390795,1.2880213,0.5249735,-0.48059013,0.59357816,0.14881113
0.2651557,-0.47014067,0.09829096,0.998775,-0.550249,-0.31553432,-0.70332766,1.0800796,0.6441419,0.9199993,-0.6030067,0.10783814,0.90878814,0.71715164,0.1748593,0.49926406,0.8635735,0.13437934,-0.04238231,-0.7771741,0.13351424,-0.15432301,0.6781924,1.022645,-0.5895784,0.67115396,0.41764337,0.23217416,-0.4282305,0.3594428,0.26234457,0.2318042,-0.5440936,0.3517344,-0.065532625,0.2602548,0.1641675,1.2355707,0.10526581,0.53877693,0.63181365,-0.24505782,0.03952559,-0.101649195,0.37441146,1.3837376,0.4067606,0.030691339,0.62721723,0.36394885
-1.2618729,-0.24168861,-1.1448005,0.6686588,-0.053394865,-0.31230456,-0.3371967,-0.6755078,0.040827017,0.50857526,-0.26777884,0.42695957,0.08599211,0.269858,0.028026909,0.26131728,-0.047435205,-1.1004614,0.022734443,-0.5318663,0.41173393,-0.26277044,0.9378915,-0.32054496,-0.40583503,0.49160126,0.5677607,-0.2566594,0.56790984,-0.39222798,-0.5721087,0.4234309,-1.3594879,0.4657262,-0.3465568,0.45218673,-0.022358231,0.15844174,0.11426965,0.49022612,-0.3792679,0.08757585,0.28819448,-0.022119587,-0.44756335,1.216127,0.49992123,-0.39416695,0.74417025,0.14952715
-0.69168144,0.18194194,-1.3164685,1.0621831,0.6584277,0.43972594,0.025503542,-0.67302984,0.5153454,1.2046211,0.7963395,0.6318635,0.1833148,0.58053875,-0.27214065,0.7047822,0.44417724,-0.20804358,0.52850115,0.24991234,0.6530397,-0.20895416,0.8888121,-0.042703923,0.13737872,-0.1065443,0.7307185,0.27992555,-0.6896155,-0.6797112,0.006941977,1.2878051,-1.3489636,0.9646893,-0.12756258,0.55039406,0.23233493,-0.018370688,0.43186358,0.6689813,0.11489629,0.64964974,0.60193336,0.5228242,-0.26970902,1.3109299,1.0002,-0.24673852,1.0441052,0.6171545
-0.15764417,0.72412467,-0.5442108,1.1486752,0.57257515,1.1111526,0.24353234,0.19670172,1.0501794,0.23778832,1.4108504,0.93910474,0.6544832,1.0493566,0.50799584,1.0354447,0.18040173,0.2539658,0.35396034,0.61740935,0.4931932,-0.12621857,0.99423075,0.0613537,0.3094587,0.59424436,1.1350236,0.3730251,1.1996433,0.05114614,0.4351687,1.8253973,-0.18074495,1.0131269,0.70146483,0.7184834,0.13507071,0.10723508,0.4572925,1.4656304,0.27671918,0.82874584,0.50167096,0.56164634,0.31697565,0.4862234,1.0546459,0.105090335,1.1151764,1.2361945
1.6323302,1.0826046,0.9360595,1.1165837,0.4493421,1.3247666,1.0646152,0.7505797,1.5579016,0.5606694,0.3283884,1.0427791,1.3808111,1.3469179,1.724923,1.0027972,0.4946022,1.6312469,1.2661923,0.7731399,0.25186306,0.82253593,1.5267621,1.3222284,0.8141797,0.8010813,1.3891822,1.3424027,1.6092274,1.1624856,0.6107904,1.8960735,0.8874409,1.6838697,0.45563984,0.81612766,0.52523094,0.2483752,0.9602244,1.1301886,1.058414,0.8511328,0.8817247,0.8846773,1.4220525,0.9693712,0.76888174,0.5091031,1.4494091,1.4600675
-0.35611907,0.75427127,-0.7204447,-0.27300367,0.437556,0.49847963,0.48802328,-0.3472644,0.7722686,0.16933152,0.12764882,1.0091633,-0.7532301,0.18428826,0.29828176,0.15283872,-0.43970802,0.21198834,0.6600622,0.17509916,0.29801762,0.67046684,0.52287865,-0.25222492,1.0507874,0.042767953,0.8266923,0.28713527,-0.045326665,-0.2322067,-0.60668045,0.899573,-0.070816204,0.61525416,0.4995008,0.29756707,-0.123993374,-1.2154982,0.3815832,0.56726307,-0.14408411,-0.20729306,0.7519199,0.5117777,-0.060801864,0.3073916,0.27927762,0.23118795,1.1166983,-0.021480357
-0.9167773,0.851056,-1.6269995,-0.18076484,1.3467189,0.6825203,0.8288021,0.5465488,0.75606537,0.03897665,1.4865886,1.3295453,-1.4565171,-0.15602858,-0.42176923,0.46735537,-0.008291144,0.2937565,-0.35127205,0.47673863,0.92438376,0.51473945,-0.08257839,-1.4063867,1.7244288,-0.7471428,0.6110258,-0.56552833,-0.50176954,-0.9553518,-0.9343003,1.1184605,-0.3706528,0.37986192,0.19430304,0.3545858,-0.2916319,-0.8350373,0.66367507,0.89560246,-0.9799807,0.65745854,1.0869657,1.0521542,-0.7258534,-1.0123736,0.11846826,0.109393165,1.2582958,-0.4277455
-0.51288956,1.254771,-0.79218394,0.23826478,1.2871553,1.1293516,0.96527505,1.0414791,1.0185703,-0.19051076,1.2056037,1.2387443,0.011203977,0.481176,0.79034585,0.6294712,1.1601437,1.0025282,-0.11058564,0.7472869,0.91667914,0.5084632,0.5568671,-1.0362028,1.996821,-0.89747274,0.7203232,-0.0763465,1.0802917,0.5635433,-0.38388097,0.95921266,0.06932396,0.2267573,0.6236988,1.0905668,-0.07999469,1.1078267,0.60282964,0.9308107,-1.0106758,0.5056799,0.9849078,0.92665935,-0.13366929,-0.99949336,0.26929247,0.37991047,1.5865548,0.024248935
1.6662744,1.9726417,0.5848821,0.39307234,0.5281067,1.1380861,1.1893077,0.5749233,0.91423815,0.1706296,0.8469578,0.86621946,0.019401237,0.9198892,1.0720456,0.58245647,0.963807,2.3095324,0.31426632,0.5478555,0.12932059,0.8351578,0.5525982,0.1693787,2.0807939,-0.82131433,0.72076243,0.24415554,0.89360416,1.2235383,-0.63862735,0.22703443,0.35688224,0.62629056,0.12916726,1.2010527,0.16726357,0.19086316,0.40604973,1.336187,0.040376015,0.26563254,0.33253208,0.505803,0.64779466,-0.028164981,-0.17089666,0.56104976,1.4929514,0.31406668
0.71742874,1.2314552,-0.15027772,-0.59685653,0.29998353,0.6813407,0.9332884,0.8777239,-0.094316795,0.107501775,0.4826386,0.91956556,1.1497053,0.42805365,0.4097391,-0.12727895,0.96812207,1.9778718,-0.057085026,0.9330314,-0.23121175,0.32359114,0.12980877,-0.32229435,1.3517965,-0.95502174,-0.09710117,0.076381326,1.1267021,-0.064634524,-0.7058713,-0.28622144,-0.244257,0.014919588,0.6856079,0.48928246,-0.46053457,0.23334266,-0.22687113,0.7466271,-0.7694921,0.07219811,-0.041775987,0.5978396,-0.421607,0.3397506,-0.17799607,-0.31579944,0.7137793,0.59304875
0.42023027,1.2708917,0.028760217,-0.77658826,0.73574203,0.79556215,1.4432836,0.9281557,-0.5231281,-0.9890368,1.0226403,1.3954973,1.495731,0.19828632,0.5951329,-0.44338283,-0.36841652,0.98460525,-0.90954363,1.9344761,0.15784718,0.006293591,-0.32832864,-0.58467203,1.248776,-0.19925262,-0.9053015,-0.26623753,1.9669456,0.643312,-0.621117,0.6704496,0.68575215,-0.19965167,0.17244157,0.089415215,-0.6659582,0.8682441,0.040891554,0.7377236,-1.0151684,1.1422173,0.07268304,1.0850282,-0.853881,0.2638673,0.19188845,-0.89159095,-0.039680906,1.0374296
1.1835004,1.7993218,1.147009,-0.18153968,0.72044253,1.0325991,1.5746862,1.4003655,-0.5444028,0.71141785,1.2155634,1.5171256,0.85643965,0.487765,1.6648375,-0.40312755,0.07517509,2.0050135,0.6074577,2.3689713,0.27083203,0.32194406,0.18348336,0.3890212,1.2044696,0.82354355,-0.6320361,0.93266726,1.4935006,0.5973934,0.026248273,0.9447292,0.9796198,0.2008013,1.3466972,0.41478783,-0.42810604,0.1661871,0.38521898,0.3838405,-0.37100717,1.2664119,0.18101332,1.3301228,-0.13276851,1.5643774,0.47658,-0.8840961,-0.123244755,1.7665445
1.0450253,0.5056912,1.5696031,-0.48114637,0.009294056,0.15724759,0.5084059,1.3696526,-1.0840211,-0.007139457,1.0953845,1.2493066,0.5706116,0.22962089,0.360058,-0.6960525,-0.2247239,0.86403257,-0.06531589,1.3789535,-0.2422079,-0.3188406,-1.1786659,0.06560223,0.34907085,0.7348576,-0.769108,-0.36731303,0.43114516,0.12178267,-0.34088215,0.68392336,1.7921343,-0.08489348,1.4316757,-0.19747575,-0.8704819,0.80425215,-0.41524604,-0.51544005,-0.52326506,0.9161884,-0.28831416,0.8648148,-0.239154,0.6290987,0.108380966,-1.0611374,-0.38193154,1.8952118
1.1874833,-0.5799798,1.9752487,-0.73426235,-1.1566095,-0.9787321,-0.34968358,1.0145355,-0.6724657,-1.169812,-1.3188486,0.5105981,1.3364699,-0.23764488,0.34425628,-0.9736251,-0.9503069,0.57079065,-1.0027051,0.27994743,-0.94318205,-0.58036274,-0.8475365,0.6034155,-0.77111906,0.21696559,-0.5477314,-0.9828915,0.4199723,1.7048283,-0.39724687,-0.23922,1.4504362,-0.85519385,0.94515026,-1.0481437,-1.0063883,1.7959203,-1.1463323,-1.0858232,-0.09199819,-0.36370897,-0.98033524,-0.13154915,-0.07526156,0.48365107,-0.43181285,-1.2061287,-0.49297902,1.7645397
-0.4523501,0.11415013,-0.0004218496,-0.5091053,-0.45561302,-0.8893939,-0.071213156,-1.6797825,-1.1419126,-0.9822731,-0.20902887,0.59085596,-1.2950406,-0.48413372,-0.6622414,-0.7822278,-1.5541426,-1.0610994,-0.6494749,0.44587976,-0.16811189,-0.731617,-0.84481746,-0.8144048,-0.24574342,-0.38760123,-0.64746803,-1.2759826,-0.41279775,-0.14159575,-1.2615749,0.009887713,-0.646404,-0.7607968,-0.3523371,-0.92057174,-0.88653016,-0.6583994,-0.7305302,-0.7428222,-0.8269692,0.10881686,-0.27734947,-0.05063872,-1.4242806,-0.5382103,0.11813627,-1.14549,-0.46095264,0.6303769
0.35863727,0.45960605,-0.014789551,0.03147807,0.35789266,0.35611707,0.5941998,-0.5439661,-0.7775952,-0.4057876,0.73368126,0.38490155,-0.023642292,0.12214625,0.2704499,-0.10037824,-0.16422014,-0.36819252,-0.06514994,1.2262644,0.4780278,-0.31089994,0.021643858,-0.18328013,0.4848066,-0.2723337,-0.3312157,-0.090173855,-0.00014946963,-0.25579524,0.017095914,0.65453875,-0.44809246,-0.12479827,-0.08772193,-0.49118814,-0.26868445,-0.08552625,0.7180831,-0.73579574,-0.500309,0.35395464,0.60619473,0.24889183,-0.7464525,-0.5799824,0.9391144,-0.7801273,-0.3270097,1.0290284
0.5580629,0.9211855,0.24705498,-0.031574927,0.53697175,0.4036087,0.38500008,0.5446991,-0.86680865,-0.78694576,1.1490284,0.010447655,-0.25765982,0.29311,0.16978715,-0.3868448,-0.8116075,-0.6156838,0.51944053,1.1107708,0.46566626,-0.018586032,-0.5651059,-0.058167305,0.67035544,0.5596908,-0.08035151,0.017972078,1.0344046,0.4481499,0.54223406,0.49866802,0.7192099,-0.13261572,0.11225784,-0.21845984,-0.24993654,0.32903606,0.768064,-0.2330895,-0.3842823,0.3146441,0.08225919,0.25797334,-0.38569477,-0.16902716,0.7655108,-0.5055875,-0.4276543,1.6770669
1.9185822,0.78557146,1.9950508,0.044392154,-0.21772604,0.12837628,0.6340569,0.7392369,-0.5693774,0.38255873,-0.22043848,-0.028344277,0.5752008,0.78192925,0.9099967,-0.24117595,-0.53987986,-0.24183136,1.7593803,0.7196385,0.08165435,0.09568686,-0.52815366,1.3963902,0.64843696,1.653775,-0.23590079,1.2065673,0.27177316,0.3220755,0.6069913,0.7142828,2.0137196,0.3620044,1.0856019,-0.57813466,-0.25934264,0.40354425,0.6855538,-0.6122626,0.28961748,0.28506127,0.1636326,-0.07862677,0.8123508,1.6095234,0.6670128,-0.55626166,-0.17146602,1.8951163
0.7872701,-0.13005829,1.0955682,-0.29308507,-0.13273138,-0.21044047,0.53297615,0.32311293,-0.9064874,0.119184524,-0.90126365,-0.02782858,0.15030421,0.19234154,0.6123652,-0.54135287,-0.67352444,-1.4490587,0.85747015,1.2505332,0.07738755,-0.014581019,-0.4101185,0.8559216,0.04833261,1.181074,-0.39891714,0.7248738,-0.11243853,-0.080284916,0.16726366,0.21164581,0.7534792,-0.20343266,0.29791635,-0.8980068,-0.383486,0.51405203,0.71861774,-0.28506473,0.16654745,-0.2404205,0.300428,-0.388062,-0.53358674,0.9631268,0.67247784,-0.5813453,-0.516465,1.1603928
-0.2577039,0.6939478,0.66476053,0.31716982,0.5306395,0.39178494,1.0286933,0.55799633,-0.2942416,-0.54171056,0.19657917,0.10310136,-0.22395295,0.42263597,0.104174264,0.18833235,-0.49118093,-0.73449844,-0.27629817,1.8126248,0.85991853,0.91557014,-0.89699656,0.6824506,0.84487283,0.89148766,0.25547624,0.64424324,0.14012778,-0.11826537,0.46051902,0.5810076,0.47615716,-0.07942637,0.16467704,-0.7169242,0.6378149,1.023195,1.3879818,-0.3094416,0.5691772,0.63341916,0.74275076,0.25935414,-1.2229116,-0.22863777,1.1848358,-0.02217196,-0.4003524,1.6465648
0.10728026,-0.09472032,0.602699,0.15396813,-0.057602722,-0.013143753,-0.025654899,-0.04572024,-0.92147857,-0.8767526,-0.43217793,-0.69292593,-0.34634218,0.13632001,-0.36578044,-0.17867216,-1.1844623,-1.1846306,-0.9928812,0.5858957,0.27297762,0.17850913,-1.14291,0.05310656,0.18943061,0.9184569,-0.37396833,0.481171,-0.21437682,-0.6576071,-0.10803236,0.028131241,0.8383539,-0.0902584,0.20137738,-0.7810026,-0.075859435,0.7738598,0.56003463,-0.90341526,-0.10057773,-0.6180414,-0.047641385,-0.43323058,-0.8331633,0.24930948,0.4682548,-0.25975484,-0.2694304,1.5680422
0.57407147,-0.20322366,1.1152463,0.62023103,-0.9476873,-0.010335258,0.09444635,0.3655176,-0.12315088,0.13564968,-1.1373037,-0.6299535,1.3950535,0.72734267,0.510662,-0.20133115,-0.19205248,1.2145165,0.41731808,0.018819464,-0.14416905,0.35930684,-0.24126376,0.59257555,-0.11325755,0.5247252,0.016046876,0.19135386,0.55427074,0.2959377,-0.16874875,-0.20847756,0.5021013,-0.24785931,0.30336878,-0.32827446,-0.07017078,0.21717557,0.37662148,-0.59567314,0.3005738,-1.2921036,-0.20461856,-0.89819336,-0.19181626,1.2978259,0.17472728,-0.36237565,-0.0041566147,1.6867808
-1.2928364,-0.6695998,-0.86575943,-0.2567642,-0.5071082,-0.5542002,-0.6418518,-0.4137856,-0.8304152,-0.0134590715,-1.4382712,-0.84446466,0.38853115,-0.14337762,-1.3501037,-0.5891885,-0.09221972,-1.0151771,-0.26856512,-0.85367703,-0.17408541,-0.28990397,-1.1760827,-1.0126172,-0.19547896,-0.52993494,-0.7226365,-1.001386,0.2304448,-1.381333,-1.5232286,-0.7174511,-0.81374496,-0.8766024,-0.028038578,-0.3902306,-0.6367329,-0.0015272545,-0.46152708,-1.1639001,-0.8824174,-1.4184303,-0.4694951,-1.1078116,-1.6996313,0.64417845,-0.31222093,-1.1582907,-0.0742285,-0.14978969
-0.56361324,0.63010263,-0.8378926,0.06511925,0.5349087,0.23813222,-0.3287712,-0.57586557,-0.046664007,-0.31963587,0.10240272,-0.443863,2.198733,0.6522276,-0.63154835,0.15740883,0.34533077,-0.9280064,-0.42999625,-0.0134123,0.6057148,-0.4853867,-0.081953004,-1.0331101,0.4004186,-0.61433196,-0.44758487,-0.71473837,0.8917358,-1.1772325,-1.0071738,0.5934369,-0.9843845,-0.40282887,-0.64597434,0.22787994,-0.26581335,0.2073357,0.11044142,-0.28676426,-0.43204945,-0.5533589,-0.02365311,-0.17546967,-1.4356588,0.48256996,0.37935892,-0.726563,0.0798388,0.58257115
0.676598,2.1314805,0.6167193,1.2334238,1.5842587,1.9789492,1.0525572,1.5956712,0.85803723,1.1639706,1.892827,0.4851379,2.2291484,2.035634,1.7563313,1.1570042,1.1320648,0.1276475,1.3904186,1.7478656,1.3998514,0.26833585,2.084744,0.23104478,1.493382,0.88981575,0.43259215,1.333974,1.949084,-0.15430968,0.32368264,1.2458519,0.82722753,0.5980864,0.47203162,2.0165956,0.43884057,-0.1888341,1.3794912,1.0147219,0.5989447,0.72008884,0.95201373,1.1350827,0.28661028,1.8577704,0.88936746,0.0997846,0.62901163,2.225341
2.1599693,1.8160496,1.8987203,1.3831949,1.4974053,2.3453734,1.6522563,2.158798,1.0858711,2.019783,1.7747283,1.3601625,0.980443,2.6837618,1.9186403,1.004795,1.9590833,2.353911,2.7062948,1.8083371,0.9667104,0.88559324,2.1479082,1.2692156,1.778232,1.705993,0.37354374,1.8382022,0.9675543,-0.047402952,0.900143,1.6590817,1.9875399,1.5409584,1.1023389,2.2452118,0.5137572,0.5128738,1.3805605,1.2535441,1.2131644,1.8248879,0.5978156,1.7585205,1.7869347,2.2185655,0.7820335,0.41508797,0.6340768,3.1433637
1.3541467,1.0090142,1.6562808,0.53021985,1.0664265,1.7323073,1.7672114,1.5994405,0.944986,1.6201785,0.7772079,1.8631015,1.2392422,1.9153914,2.0957105,0.29292494,1.2844801,1.1468552,1.6514167,2.049674,0.52408487,1.1898528,1.9465061,1.3499063,1.1277188,1.6069119,0.3973798,1.779375,1.0971818,1.0629685,1.3840783,1.1663324,1.9762564,1.3656276,1.7267969,1.4139038,0.4122078,1.6990706,1.0532783,0.9253316,1.3605529,1.586786,0.47931063,1.6729366,1.8597074,2.0832021,0.44190013,0.50293463,0.65422386,2.7856205
0.7715185,0.83709085,1.1452472,0.67275906,1.810523,1.4707803,2.2710261,-0.65889496,0.68997663,1.2241265,0.60868,2.275144,-0.15172844,1.062974,2.0940847,0.40132138,0.7233638,0.7521641,0.47430354,2.6806858,1.1822203,1.3483889,1.0490202,1.2628741,1.2990947,1.232129,0.44765806,1.8767238,0.10358246,1.4362223,0.803577,1.4713892,0.5109762,1.3545402,0.44602907,0.3810487,0.6408896,0.60472727,1.8140708,0.89035165,1.1112535,2.379446,1.0844759,2.1191788,0.96341914,1.0426822,1.2597883,0.6697959,0.4274953,1.7744206
-0.39851728,0.59382355,0.79260576,0.78097904,1.6188816,0.7412178,1.1178927,-0.23219599,0.69393176,0.50953174,1.0480441,1.4550127,0.24477842,0.31393138,0.9858189,0.6345339,0.05039413,0.26807263,-0.58950245,1.535043,1.5260756,1.581061,-0.37479767,0.5597744,1.2123595,0.8471447,0.7913189,0.92364633,0.8442792,0.8952995,0.36937535,1.4054132,1.2002889,0.8854162,0.861,-0.42332008,0.8844732,0.77669615,1.4313755,-0.43038738,0.8052305,1.7206284,1.035446,2.1649048,0.28556728,0.6231339,1.4031299,1.1499978,0.29521048,1.3401117
0.5968894,0.022131767,1.2377812,0.19225837,0.5566425,-0.30710885,-0.08105132,0.058214776,0.08991513,-0.19409758,0.27969274,0.5496001,-0.036903497,0.089698866,0.31479877,0.011411593,-0.044044778,0.30992147,-1.0158148,-0.6171559,0.7364739,1.000733,-1.4171561,-0.25169387,0.34833062,0.6195901,-0.0028843381,0.42533916,-0.025148265,-0.09580624,-0.7456927,0.28413248,1.6235629,0.032189522,0.64908016,-1.2610815,0.034131926,0.7463038,0.36663386,-1.3316212,-0.17454728,0.2601957,0.4093089,0.9400692,0.78942865,0.42085305,0.64895785,0.36400405,0.23640461,1.0617502
-1.4619409,-0.8128339,-0.1487144,-0.6357279,-0.19805531,-1.3900642,-1.1507622,-1.4927135,-0.30955175,-1.1955004,-1.0433478,-0.023760298,0.18179561,-0.8586843,-0.7736337,-0.5264384,-0.9986976,-1.28072,-2.1639538,-1.6570632,0.32537392,0.49519986,-1.2952055,-1.235696,-0.57515264,-0.9457412,-0.16174255,-1.2588813,-0.40222278,0.47348094,-1.0484803,-0.53978556,-0.5749071,-1.4026967,-0.27862582,-1.4719186,0.018726492,0.008378081,-0.45365673,-1.5984476,-0.838911,-1.4968648,0.16863614,-0.0771663,-1.0528322,-0.70654774,-0.36853102,-0.09896501,0.14529979,-0.5965811
-2.192346,-0.52609247,-1.2723976,-0.38241822,0.44311202,-1.1322445,-1.4249947,-1.7922682,-0.27931422,-2.0813224,-0.42269093,-0.49430588,-0.52972025,-0.530462,-1.7900807,0.12317406,-1.0386739,-1.8438784,-2.6822329,-1.7466406,0.83770674,0.051371653,-1.6118149,-2.008865,-0.21277542,-2.1833706,-0.2228993,-1.6204127,-1.0952387,-0.5373733,-1.4276987,-0.6573589,-1.563847,-1.697052,-0.6400905,-0.9058894,0.3195074,-0.9168981,-0.13950607,-1.4013019,-1.0938625,-1.245011,0.37641484,-0.10831428,-2.1626263,-1.8468474,0.21239503,-0.14771959,0.15715636,-1.0701513
-1.6237478,0.40954393,-0.9104507,0.12110179,0.88561124,-0.44273102,-1.0486219,-1.3516438,-0.032151278,-1.0777506,0.65724957,-0.63893044,-0.007595917,-0.38608873,-0.54610205,0.7380318,-0.17482294,-1.4674532,-1.0076834,-1.0475745,1.2742857,0.15581405,-0.8147445,-1.6460848,0.4857996,-1.5050927,0.34535924,-0.9151131,0.20981799,-0.5809685,-1.0732435,-0.2981981,-1.0865378,-1.1160057,-0.59795505,0.30936927,0.9084813,-0.33294147,0.28125778,-0.82790023,-1.1208475,-0.93103313,0.65737927,0.22987908,-1.3635025,-0.72287637,0.536261,0.42166623,0.5537837,-0.3712283
0.73903894,1.3114514,0.9325854,0.6628152,0.70722663,0.20077924,-0.18036631,0.5332515,0.56644297,0.712306,0.86993456,-0.5007616,0.1098876,0.94762176,0.378916,1.16297,0.9761975,0.8192252,0.71903896,-0.7898683,1.0038925,0.642033,-0.07477464,-0.08662618,1.033184,-0.16433555,-0.005197665,0.40816817,-0.10335825,-0.7271787,-0.51978487,0.061728578,0.15032408,-0.022072814,0.06403148,1.0729176,0.9806447,-0.0591702,0.4695899,0.25680685,-0.13440315,-0.3645085,0.7705695,0.3709877,0.43884012,0.81870437,0.6856296,0.5245674,1.0391082,0.8546795
-0.52008444,0.69167084,0.051316764,-0.009717845,1.01726,0.09745475,-0.1912135,-0.13600898,0.2867779,0.409716,0.41550478,0.14727947,0.6416651,0.6953639,-0.16842157,0.7067799,1.1880994,-0.63343525,-0.6708818,-0.17150846,1.0599704,0.45769837,0.03842057,-0.4484693,0.6609128,-0.4191744,-0.29609123,-0.09748807,0.7546348,-1.2030798,-0.2016627,0.2573591,-0.010524256,-0.012390411,0.37055784,0.89540815,0.6247556,0.66653746,0.29520196,-0.48555875,-0.24274884,-0.19828495,0.66968465,0.59839725,-0.4286946,0.114747606,0.8555814,0.23450944,0.6296249,0.68190587
0.15723303,1.5876887,0.53004164,0.6815729,1.8592198,1.3818353,0.94042736,0.27456573,0.5067335,0.41723123,1.7971377,0.9042856,0.89967304,0.6382881,0.65151185,1.0428883,0.90882033,0.44438657,-0.39279142,1.4075733,1.8679315,1.2579727,0.9464294,0.23173206,1.5386453,0.2593943,0.42593035,0.9565603,0.9759993,-0.77571106,0.20363133,0.94274473,0.33790195,0.5419336,0.32838783,0.95738596,1.3331163,0.51616836,1.3869551,0.7251166,0.48941064,1.2095382,1.2733417,1.6925867,-0.088133074,-0.02907834,1.7588923,0.755173,0.43962443,1.3151228
0.4997333,0.38525668,1.3309603,0.313683,1.2152541,0.57450557,0.21883604,-0.72185624,0.438412,-0.022545652,1.0248151,0.5144372,-0.48835418,0.6976774,0.0654178,0.40753347,-0.2772756,0.2825225,-0.6942136,0.21406876,1.0833281,0.75455475,0.32052487,0.33713296,1.0083046,0.74842703,0.23306037,0.72198296,0.78841496,-0.5610909,0.3398115,0.3965182,1.1741877,0.10295538,-0.22846696,0.03198505,0.83114344,-0.011410772,0.38620278,-0.24899407,0.3582538,0.8311711,0.16528448,1.1742766,0.5470982,0.5865996,1.3692673,0.7032372,0.362693,1.4721442
-0.40365645,0.10461738,0.9565812,0.18799673,0.31779546,-0.09411264,0.22002167,0.6581271,0.5605422,0.17947707,0.067575075,0.37848398,0.13109286,0.18018842,0.28956804,0.02279582,-0.20774093,-0.37569618,-0.31333706,-0.16903722,0.5551959,0.7982978,-0.25447848,0.3460986,0.57643455,0.21696559,0.43901968,0.19556825,1.2393274,0.15337388,0.7490428,0.12182081,0.6775841,-0.13236025,0.81608653,-0.43202555,0.5180425,0.6664502,0.3901807,-0.4221941,0.8727944,0.087655805,0.1866872,0.46193558,0.7172487,0.6195364,0.9416171,0.5212136,0.37648025,1.1285301
-1.7616061,-0.422993,-0.4649527,-0.25117886,0.41917214,-0.3502473,-0.21631344,-1.4622798,-0.31274134,-0.3780496,0.4060808,0.13515101,-0.8997047,-0.62484646,-1.3713677,-0.1752788,-1.8224181,-2.4667656,-1.1210238,-0.5750603,0.7040219,0.28600296,-1.4001347,-1.3265707,0.4043365,-0.7241959,-0.20573969,-0.9112818,-0.7962247,-1.1297004,-0.48082688,-0.21568444,-0.0034033665,-1.0447032,-0.7422372,-0.93373823,0.21025524,-1.9128207,0.21551475,-0.8251861,-0.44865784,-0.18759783,0.31223062,0.318384,-0.42829165,-0.5712589,0.6060038,0.062288538,-0.058215316,-0.6932904
-1.0177621,0.038070284,-0.2994636,-0.09656504,0.53456146,-0.4373949,-0.34869978,-1.4075202,-0.35226062,-0.16919488,0.5168674,-0.42524058,-0.65017885,-0.8523588,-1.0392716,0.07744559,-0.79468614,-0.7399439,0.043477546,-1.0331484,0.46093622,0.1671009,-0.8299169,-1.4295975,0.36109534,-1.3239166,-0.017071767,-0.8326714,-1.3521396,-1.3524524,-0.1682307,-0.7213156,0.44319686,-1.5497466,0.121264696,-0.5932934,0.39759514,-2.1412544,0.26429802,-1.2017972,-0.5885681,-0.8245083,0.06360963,-0.07796292,-0.016261239,-0.714507,0.47578835,0.33253625,-0.15681566,-1.3383933
0.7425593,-0.33820012,0.42073295,0.32304573,-0.39398628,-0.59770375,-0.8400277,-0.28336078,0.076008424,0.4469505,-0.24612583,-1.1180328,1.0259235,-0.13535362,-0.41142982,0.054677133,0.2753338,0.47890326,0.8224226,-1.7465982,-0.038279284,-0.25339073,-0.273648,-0.11530372,-0.029230667,-1.0571318,0.044714563,0.08390453,-0.4756871,-0.5865833,-0.17113182,-0.8528849,0.76266825,-1.2942742,0.19835784,-0.5589696,0.27028072,-0.8574879,-0.36310503,-1.1904839,0.095099576,-1.2801639,-0.68649083,-0.63862675,0.7267541,-0.24720317,0.21877939,0.19636634,-0.015081923,-0.88255626
-1.16816,-0.50827163,-0.9253643,-0.39417002,-0.5544977,-0.9785636,-1.2504556,0.24140984,-0.45751777,-0.39386573,-0.6067889,-1.1779875,0.031807903,-0.62021947,-1.395688,-0.49606225,0.17516197,-0.87616706,-0.26371953,-1.4345036,-0.3136707,-0.49351808,-0.8311677,-1.2342278,-0.41897893,-1.4361551,-0.54787785,-1.5204169,-0.57101136,-1.377138,-0.7636175,-1.2493683,-0.34923777,-1.6431729,-0.056681063,-0.4734307,-0.25741428,-0.3678065,-0.6944079,-1.3136619,-0.9360395,-1.5679969,-0.7827791,-1.1824021,-0.8225911,-0.81158394,-0.13197757,-0.3059752,-0.3718012,-1.3908292
-1.5930927,-0.3035604,-1.0438296,-0.2255767,0.1119372,-0.8019374,-1.0455444,0.3323617,-0.1943111,-1.2924125,0.07372113,-1.0142629,0.20046891,0.0053883744,-1.3295549,0.10888904,0.41659147,-1.0911998,-1.2851433,-0.74014777,0.4526952,-0.7592013,-1.0922536,-1.5255328,-0.01969775,-1.5277972,-0.53118676,-1.8681208,0.3948614,-1.1183095,-1.0891651,-0.91812986,0.3597882,-1.5789472,0.26000822,-0.03846002,-0.14314839,1.261294,-0.644983,-1.1247603,-1.1088477,-0.8601409,-0.28053355,-0.63886577,-1.3576475,-1.6382103,0.30453417,-0.2945549,-0.20128916,-0.7026225
-1.1146612,1.1569844,-0.6653561,0.5199532,0.44331628,0.046396323,-0.49876958,-0.28939864,0.3663906,-0.47369784,0.9703201,-0.6960201,0.5871644,0.59890026,-0.14345096,0.6516649,0.38333443,-0.27437568,-0.6050681,-0.028619947,0.47832036,-0.43973652,-0.1966437,-0.9870636,0.49764353,-1.1532323,0.32041043,-0.94231504,0.85956246,-0.5129135,-0.028873099,-0.32984576,0.79555,-0.71289575,0.086600386,0.5713565,0.39851648,0.26421502,-0.23927549,-0.0006848859,-0.5870319,-0.5613809,-0.20217663,-0.44852576,-0.3484314,-0.9806484,0.39715853,0.26756248,0.35912696,0.04859334
1.0896591,0.800326,0.56917435,0.666076,0.005739846,0.36847442,-0.00882912,1.1758128,0.7492077,1.0324202,0.7917063,-0.350197,1.3143468,1.4058679,0.6143811,0.673804,1.079544,1.2271656,1.5062813,-0.09618837,-0.2435245,0.09783673,1.1798078,0.37199587,0.60109735,-0.21769251,0.36817038,0.57284254,0.38013864,0.123589724,0.6658772,-0.36114526,1.118163,0.049766023,0.1880569,1.2416999,0.50859356,-0.4321039,-0.10518026,0.17545763,0.15072167,-0.3455062,-0.36219424,-0.5385708,1.0834821,-0.76280314,-0.15166695,0.51525,0.31833306,0.5539068
0.17208526,0.5307981,-0.4316514,-0.1509656,0.32422978,0.24419856,0.2837679,0.20047103,0.2960916,1.1618868,0.36450827,0.034494452,0.005570339,0.64010376,0.49004823,0.19147943,1.1701609,0.28149343,1.5623043,0.36895442,-0.2555447,0.1151051,2.1104937,0.10902465,0.15552376,-0.16937563,-0.26973686,0.80748963,0.16112827,-0.95925635,1.085366,0.0740534,0.39447635,0.4340476,0.7181845,0.98934937,0.12918922,-0.31548712,0.05802238,0.4476871,0.09223007,0.46442387,-0.1117777,-0.34735453,0.6720917,-0.6906106,-0.77835613,0.434111,-0.17943855,-0.12959816
0.7822594,0.70642537,-0.20568891,0.36295024,0.8576269,0.912227,1.4429305,0.010435383,0.28454518,1.1753801,1.0528663,0.060164742,0.8633076,0.10229126,1.7615986,0.63937765,1.8335757,0.97740173,1.4096682,1.3425395,-0.020870743,0.7563752,2.393305,0.6063832,0.33612558,0.3491222,0.004143491,1.9635539,0.0419636,0.14359643,1.8523337,0.61223745,0.3643173,0.74692464,1.1665946,0.64097863,0.5489069,0.4020388,1.033132,0.8839594,0.7021311,1.1927212,0.3328433,0.4473574,1.1885875,-0.664496,-0.5954824,0.66618323,-0.6270128,-0.28342137
1.2874659,-0.21242246,0.5840384,0.251082,0.47287342,0.41928008,0.89693767,0.38956434,0.053744942,0.7668255,0.37881756,-0.008556764,0.83618385,0.07575937,1.5389439,0.25143817,1.2576957,1.8634735,0.9732001,0.26364148,-0.50331163,0.5346258,1.4785529,0.7739188,-0.27369222,0.8333572,-0.4993126,2.1090024,1.3098772,1.2878178,1.230595,0.7867695,1.0853859,0.3271324,0.67470306,0.084434465,0.20767337,1.0311804,0.32610586,1.1295037,0.76534724,1.2205185,-0.79745454,0.54008436,1.792932,-0.23380104,-0.5447395,0.5395895,-1.0117382,-0.22246489
0.7813858,-0.6527505,0.65974796,-0.37389493,-0.19495049,-0.21740553,0.06929598,0.8959072,0.08892635,0.5273633,-0.25816578,-0.23059331,0.9716444,-0.2336036,1.3936071,-0.48922077,0.26454607,1.0437768,0.7482121,-0.6026453,-0.48578116,0.2922619,0.2862373,0.7444915,-0.91922235,0.39872333,-0.46701387,1.0535607,1.1460958,1.2203437,0.79114366,0.06970142,0.39387423,0.01323347,0.79165417,-0.60440266,-0.03718516,0.6708138,-0.41556686,-0.28719547,1.0606167,0.3891875,-1.0354699,0.121591344,1.6148169,0.3699473,-1.09262,0.63234293,-0.8862674,-0.39242226
-0.74404967,-0.9967188,-0.51098394,-0.6031844,0.23606902,-0.28655067,-0.38109004,-1.1287663,-0.85781395,0.26948887,0.3595284,-0.24461265,-0.62761265,-0.8810578,-0.13025035,-0.43582982,-0.8145972,0.39357626,-0.8483764,-0.5730748,0.1767674,-0.30777913,-0.58093095,-0.60107255,-0.78825307,-0.37228715,-0.40988347,0.17052576,-1.0332836,0.20861816,-0.78827703,-0.42210788,-0.32892227,-0.6054185,0.09614213,-0.7153867,-0.18379389,-1.862705,-0.28236988,-0.96198565,0.039477482,0.3709581,-0.32927617,0.35625017,0.39714402,-0.34869775,-0.48286223,0.38469857,-0.9333757,-1.2859335
-0.84482884,-0.78566253,-0.55902517,-0.40957007,-0.00089876587,-0.91149676,-1.0142893,-0.5055402,-0.34227714,-0.29934478,-0.026223164,-0.9470694,-0.76218694,-1.1070474,-1.0026611,-0.2258784,-0.3714371,0.0653888,-1.1730973,-1.2990922,0.110595435,-0.4084766,-0.52092093,-0.8218709,-0.8309887,-1.7022372,-0.2934997,-0.83389044,-1.4023614,0.09528994,-0.9081902,-1.383897,0.17495921,-1.0150429,0.21799347,-0.50955194,-0.09120059,-1.7057468,-0.61217564,-1.2731521,-0.12941775,-0.58392787,-0.3460105,-0.12493717,0.10515285,-0.9693153,-0.1395622,0.44790375,-0.49581823,-1.9957876
-0.87216926,-0.9876415,-1.0531352,-0.31704068,-0.28813618,-1.1543192,-1.6530383,-0.98692894,-0.29050976,-0.9660129,-0.219619,-1.2158625,-0.19898137,-1.0721986,-1.4713802,-0.13466775,-0.01294528,-0.045193307,-1.1807971,-1.8466308,0.110083416,-0.6811642,-0.5315253,-0.80809444,-0.97968775,-2.8383868,0.2289901,-1.1560643,-1.3423867,-0.50252295,-0.14029011,-1.53364,-0.31782207,-1.1639578,-0.6005777,-0.6112241,0.2100624,-1.2343489,-0.9426445,-1.5732336,-0.18234423,-1.0437411,-0.6836419,-0.50559056,-0.18878208,-1.8786099,-0.43651173,0.7445939,-0.42181686,-2.3280888
0.28157535,-1.0860049,-0.525972,-0.342546,-0.8084399,-1.0491972,-1.4450494,-0.58567274,-0.38622996,-1.6390861,-0.26645508,-1.6070671,0.49395615,-0.66279936,-1.2955455,-0.09728589,0.32760808,0.88268447,-0.5663366,-2.233243,-0.2766105,-0.6133217,-1.1279278,-0.8085006,-0.91748905,-1.9594022,-0.3504105,-0.46967727,-1.1178086,-0.89978486,-0.39351687,-1.6469657,0.21990983,-0.78818345,-0.48951045,-0.83187115,0.15679687,-1.0713689,-0.5954512,-1.7784711,-0.515642,-1.3648348,-0.26008844,-1.0191474,0.27840853,-2.2910004,-0.7276132,0.5089737,-0.38293093,-2.08264
-0.6736687,-1.509089,-1.1106555,-0.6263975,-0.7574145,-1.4988091,-1.9775966,0.50348103,0.024528107,-1.8011756,-1.6407758,-1.7920116,1.7811159,-1.071818,-1.1123626,-0.33651885,-0.20342584,-0.5069883,-1.046415,-2.4174666,-0.7511273,-0.792351,-0.6299831,-1.0216141,-1.0798737,-1.9869046,-0.13221103,-0.8991263,0.47781703,-0.74724996,-0.5856128,-1.9558176,-0.9852746,-1.473718,-0.4264107,-0.6713396,0.07659864,0.52467734,-1.2079049,-1.360919,-0.54364145,-2.34989,-0.7891951,-1.2022381,-0.6035859,-2.355476,-1.5148053,0.35698363,-0.39583236,-2.319258
-1.2804253,-0.44554982,-2.106444,-0.038709957,0.7244053,-0.7894677,-1.3899809,-0.23788483,0.044782136,-1.0213864,0.1609951,-1.5971352,0.6558758,-0.60660213,-1.4210489,0.04608423,-0.30162504,-0.80095917,-0.55488634,-1.662386,0.30011445,-0.8700933,-0.45133972,-1.6369942,0.22312081,-1.8036445,-0.13244529,-0.76008654,0.33380306,-1.1132756,-0.76406646,-1.5899373,-1.4240732,-0.93766034,-0.4571755,0.065940745,0.31474006,-0.013919833,-0.781773,-0.7779289,-0.996763,-0.9035824,-0.3926943,-0.32435867,-1.0172756,-1.6802993,-0.80746883,0.4926359,-0.13678214,-2.0279367
0.32076156,0.8672677,-0.87506497,1.2571212,1.6033779,0.81342417,-0.21273133,0.17750621,0.8359013,1.0644964,1.2416921,-0.8149935,0.54526025,0.6625943,0.22245952,0.95840967,1.4851011,0.9303218,1.414381,0.10499613,1.0499252,-0.39632285,1.4314857,-0.15216592,1.3561476,-0.68055564,0.5489027,1.1516061,-0.71480113,-1.1145018,0.69913656,-0.78259164,0.3305978,0.1697614,0.47767386,1.4116733,0.65616643,-0.67989004,0.5609543,-0.12043846,0.028463207,0.003011586,0.37019032,0.16091801,0.6363217,-0.3346805,0.15639138,1.2135589,0.26999822,-0.823533
1.8634902,1.5719626,0.4887748,1.2288716,1.4450521,1.6994199,0.28687072,1.6636583,1.2499129,1.2817887,1.8979961,-0.13144563,1.6575873,1.6826663,0.835475,1.0553398,2.727694,2.4442976,1.9487234,0.3473469,0.7618797,0.30725902,1.4040774,0.9518258,1.8949561,-0.06065053,0.56964946,1.7480283,0.9038055,-0.17799503,1.522158,-0.08857163,0.93328166,1.2557746,0.34697095,1.6258453,0.7182917,0.8824476,0.75247306,1.3155897,0.92015576,1.0812659,0.19513816,0.56685096,1.7155133,-0.051185332,0.46981257,1.3469249,0.34520343,0.33299327
1.4571358,0.74355453,0.5183539,0.2925685,0.93447137,1.1487584,0.6203844,2.2412689,0.8306066,0.12287381,0.805921,0.47646654,1.9039166,1.1390555,0.9897206,0.12232572,1.018547,1.4915936,0.2572145,0.86058384,0.12154282,0.68379956,1.5299163,1.0522909,1.4308041,0.5586488,0.26626685,0.7609921,2.3753715,0.7944915,1.4202733,-0.2092087,1.0675837,1.1055057,1.2309712,0.9778287,0.5073401,0.6177526,0.45943117,1.0303727,0.89563453,0.8175523,-0.41280422,0.839376,1.714328,-0.30163187,-0.4691486,1.2146589,-0.0033162062,0.5900654
-0.07947733,0.42490563,-0.63103735,-0.20620558,1.3459224,0.6106509,0.6903615,0.3955324,-0.20665489,-0.12369365,1.3122613,0.66725564,-0.53494245,0.03373591,0.209454,-0.46883315,-0.60198635,0.70628476,-0.20172255,0.890619,0.14077999,0.56262624,0.8176811,-0.064914964,1.2256659,0.5296684,-0.73385173,-0.21385379,0.15003014,0.43517783,0.4263272,-0.3489945,0.15061206,0.74025685,0.5734191,0.48666218,-0.04193106,-1.4060777,-0.10796055,1.4311072,0.09008518,1.7536492,-0.636216,1.0284679,0.85146314,-0.38374087,-0.9437367,0.43090814,-0.6930189,-0.5481071
0.5235277,-0.12699202,-0.20067634,-0.20591502,1.042691,-0.00999824,0.5854463,0.81748486,-0.23249073,0.31297466,0.91478497,0.19947954,-0.97939855,-0.53236556,0.44589448,-0.51677823,0.31959432,1.160619,0.64067984,0.7578266,-0.16950165,0.35627273,0.84394735,0.18968415,0.5588131,0.09811187,-0.7414067,0.08912896,-0.9276459,1.1686813,0.8715808,-0.7860384,1.2340345,0.4706568,1.5614641,0.4631877,-0.07293476,-1.8137891,-0.45682198,1.2332258,0.20382208,1.1063981,-0.9149779,0.71903265,1.2848039,-0.11659296,-1.0025239,0.22307837,-1.0014942,-1.0179063
1.7399446,-0.16512302,0.7509171,-0.5089439,0.15138078,-0.40700698,0.26499972,1.5639462,-0.5428399,0.050146997,0.18769103,-0.18817239,-0.25383022,-0.16422828,0.48725206,-0.91196966,0.9164642,1.8434067,0.4153931,-0.42820087,-0.848069,0.043517668,-0.08298625,0.4707116,-0.25581798,-0.21037471,-0.9884641,0.39144996,-0.28395492,1.2003369,0.89575684,-0.38729197,1.401454,0.08264532,0.9317435,-0.18283668,-0.42338157,-0.018959772,-0.81892186,1.477375,0.21147409,0.6668664,-1.3766205,0.15621793,1.5582107,-0.33208954,-1.0354673,-0.17137975,-1.5176413,-0.81482154
0.9814281,-0.7865733,0.19551489,-1.5388095,-0.80292475,-1.1397992,-0.5997747,1.0964131,-1.0780885,-1.4527087,-1.0011134,-0.928638,0.16407181,-1.0765035,0.49310452,-1.4354252,-0.5997055,-0.4606373,-0.83563185,-0.74464667,-1.5051317,-0.46107924,0.25956315,-0.1078688,-1.1796262,-1.2877879,-1.1450676,-0.24265787,0.56361264,1.6077313,0.8129712,-1.1119151,0.42722723,-1.2788693,0.8276471,-0.8710891,-0.8912332,0.62521434,-1.3496566,0.8715807,-0.28083503,-0.3828179,-1.8505206,-0.8048556,0.1872413,-1.006558,-1.887499,-0.60097224,-2.0527997,-1.3985622
0.07372145,-0.34084135,-0.28574106,-1.5690285,-0.09733226,-0.91374356,-0.46254498,-0.3288367,-1.5590498,-2.0450785,-0.17303506,-1.1995703,-0.88251895,-1.4448165,0.016517019,-1.5096142,-1.6584754,-0.7564519,-0.8311513,-0.11773253,-0.9685634,-0.8091339,-0.44500425,-0.5501528,-1.0116627,-1.5669305,-1.283589,-0.44944125,-0.15925989,0.49313268,0.60985786,-0.78245234,0.05461094,-1.4561416,0.036424268,-1.1334661,-0.84704167,-1.5111964,-0.95635337,1.0313874,-0.88004065,0.22109838,-1.6596199,-0.44228554,-0.8928985,-1.5470049,-1.5779084,-0.64915526,-2.0721064,-1.168078
1.145008,0.119918354,0.3134839,-1.1763113,0.17579043,-0.6190764,-0.29824767,0.06554397,-1.4143053,-0.6962166,0.22626935,-1.3131194,-0.89998955,-1.0245526,0.11100217,-1.2470108,-0.8518303,0.07143458,0.18005015,0.63956606,-0.5785292,-1.1446013,0.6733524,0.2511628,-0.7492367,-1.2939911,-1.275141,-0.09386579,-0.8308643,-0.2555371,1.2371916,-1.1410909,0.7070625,-1.2350302,0.4772252,-0.8277999,-0.7068715,-2.1144838,-0.534841,0.0678798,-0.27784958,0.34252128,-1.5225852,-0.5915463,-0.34926108,-0.45671633,-0.8090266,-0.51042956,-1.9370505,-0.6227394
2.6625805,0.15343477,1.669507,-1.0654762,-0.6024795,-0.7857324,-0.5340104,1.4626637,-1.0948977,-0.95596987,-0.5622852,-1.4821154,-0.028959434,-0.4830502,0.11230272,-1.322486,0.54225314,1.0639722,0.7207648,0.14552873,-0.85772413,-1.3551506,-0.030100191,0.8354912,-0.97483104,-1.116813,-1.1175272,-0.39942592,0.6012042,0.8591261,1.9953867,-1.4494553,2.0066512,-1.2640263,0.10035223,-0.99565107,-0.8613437,0.86076057,-0.8656306,0.5735285,0.10225885,0.1085237,-2.0541577,-1.0169435,0.6120484,-0.017819803,-0.8379861,-0.6418976,-1.8316587,0.40273282
1.2299585,-0.57767254,1.2261927,-1.4461187,-0.88170975,-1.2856724,-0.7385685,1.4799048,-1.1851318,-1.6925637,-0.97293615,-1.3341292,0.69518465,-1.1516771,0.20145561,-1.7323182,-1.2614868,-0.33997887,-0.3255506,0.2280091,-1.0201063,-1.4463817,-0.17214482,0.24625826,-1.2061306,-0.84384924,-1.1713487,-1.2027012,0.48032066,0.6264999,0.99201196,-1.9274077,1.5077176,-1.7687376,0.17753164,-1.5067838,-0.9815125,0.70216614,-1.1847644,0.21880837,0.105824,-0.073477365,-1.9180325,-0.717227,-0.17088524,0.21721147,-1.0538542,-0.65773934,-1.6069517,0.026110567
1.2787293,-0.8125607,1.1613023,-0.6551959,-0.13777672,-0.9614037,-0.08440638,0.47451323,-1.0101497,-0.026644863,0.1769118,-1.3887168,-1.5902369,-1.1308558,0.094810285,-1.0023047,-1.1381367,-0.24187423,-0.19272834,1.2907069,-0.5770663,-0.996728,0.45617968,0.39648736,-0.7289973,-0.7536368,-0.6343055,-0.29734036,-0.7027315,0.33430538,0.2837231,-1.7746705,1.116409,-1.0060247,-0.00027607215,-1.1485167,-0.36527374,-0.87158227,-0.37931624,0.6362083,0.5237868,0.63741684,-0.9177311,-0.40487078,-0.3146526,0.6447376,-0.55291146,-0.309329,-1.2934113,-0.23439842
1.1279203,-1.2012783,1.2764672,-0.24656208,-0.16478056,-1.0658797,-0.45073918,1.5582923,-0.6103639,-0.44544744,-0.026002537,-1.510326,-0.65821785,-1.120489,-0.05514343,-0.7053569,-0.784145,-0.07499345,-0.41957492,0.95580065,-0.55846304,-0.8691744,0.6609534,0.5443423,-0.93583274,-0.87416244,-0.025900478,-0.4446696,-0.9550736,1.4498075,0.62857705,-1.6108617,0.8263374,-0.76503766,-0.14464456,-0.9231704,-0.10054241,0.30316,-0.5045145,0.5074751,1.0533996,0.53483635,-1.0538083,-0.48939255,-0.37102175,0.4093149,-0.52167916,0.16341035,-0.973738,0.078427166
1.7274821,-1.2438418,2.2992787,0.09394994,-0.71825695,-1.1478597,-0.65040344,1.0566261,-0.2434949,0.23864232,-0.89912045,-1.5191311,-0.25481138,-0.51312554,0.017492432,-0.6961072,-0.77955246,0.38251376,-0.23341802,0.14757754,-0.9450594,-0.7267104,0.3231352,1.4275669,-0.9261012,0.064091355,0.007144959,0.42178655,-0.51746386,1.2036929,0.42767414,-1.5229516,1.2037969,-0.0064379047,-0.8510442,-0.9242748,-0.06629264,-0.77800524,-0.8303424,0.7189019,1.4883186,0.47404495,-1.1496656,-0.9262876,0.9288344,1.1565537,-0.4597253,0.1174704,-0.50574416,0.6078702
0.23298447,-1.7385429,0.89141786,-0.47065365,-0.5082725,-1.376106,-0.76498014,0.52644587,-0.62149566,0.44449097,-0.83580035,-1.7236339,-0.3430506,-1.3409438,-0.41968834,-0.62689877,-0.6752505,-0.18990622,-0.88909924,0.23307832,-0.7484941,-0.66292495,0.28988087,0.8009719,-1.2919811,-0.36855555,-0.100761496,-0.47814086,-0.963967,-0.08518978,0.25668046,-1.7750186,-0.032044005,-0.10262326,-0.20914191,-1.3718057,-0.03453902,-0.66972286,-0.7263598,-0.0055044536,1.1172533,0.15447037,-0.64727646,-0.99654984,-0.31123918,0.5890973,-0.8113505,0.5315231,-0.46447328,-0.621737
-0.4742944,-1.7860852,0.3895657,-0.727773,-0.31830612,-1.5475645,-1.1340121,-0.5648718,-0.16461581,-0.45477316,-0.055125378,-1.835292,-0.35045663,-1.3738598,-1.1379185,-0.50933474,-1.2619183,-0.8951191,-1.8326284,-0.11842956,-0.5841126,-0.6695133,-0.31685412,0.4752725,-1.1461707,-0.42467487,-0.020292856,-0.7257097,-0.943116,-0.27338177,0.29391158,-1.6122544,-0.26389182,-0.37717944,-1.5756991,-1.6931504,0.2839292,-0.39695525,-1.0663244,-0.530888,1.3175973,0.13354918,-0.9415757,-0.7935701,-0.6006703,-0.22049211,-0.6848124,0.91502464,-0.45847684,-0.63340795
0.2557767,-1.4025893,0.89742297,-0.26031557,-0.7660141,-1.024005,-1.0919856,-0.28667635,-0.23153386,0.36810902,-0.4864523,-1.9090177,-0.025952717,-0.7288069,-0.7144586,-0.3809885,-0.6500688,0.6164985,0.24901682,-0.8276551,-0.7569789,-0.676327,-0.45677787,0.7604235,-0.671872,0.2953533,-0.4058864,0.039252967,-0.82910806,-0.3338536,0.4130649,-1.7125937,0.09618437,-0.04248506,-1.2229824,-1.1977828,0.1518153,-0.91331995,-1.1389966,0.03198671,0.9095763,-0.03765815,-1.2949599,-0.8903864,0.4114378,0.14999577,-0.6718394,0.69155806,-0.28353563,-0.30762258
0.15042363,-1.6870235,0.2701078,-0.47459245,-0.770896,-1.2103206,-1.2125156,0.36272553,-0.17058039,0.13879241,-0.6189864,-1.8858304,-0.5849489,-0.9284696,-0.7889152,-0.592664,-0.49842414,-0.6225014,-0.85385257,-0.91993594,-0.91009605,-0.6217305,-0.36446518,0.6275009,-0.84936845,0.1582293,-0.33385116,-0.5256833,-0.83643204,-0.098807245,0.3611555,-2.041813,-0.42159858,0.13987114,-0.5602884,-0.9581655,0.20427732,-0.29194558,-1.4218156,-0.8906307,0.9592565,-0.57814455,-1.0731282,-1.3810536,0.41018146,-0.3577568,-0.75271654,0.47191978,-0.15824662,-0.3582446
0.26615784,-1.0199436,0.410013,0.008135871,-0.15783554,-0.66555697,-0.5480865,0.061809573,0.09524178,0.3044688,-0.57694113,-1.8581355,-0.04494251,-0.73123753,-0.0859015,-0.11734512,-0.16825783,-0.842465,-1.0774798,-0.08528955,0.015043515,-0.4840864,0.848026,0.8454565,-0.21320873,0.25365153,0.07746717,-0.21472453,-0.56294,0.3031659,0.3274472,-1.9369473,-1.0558552,0.07061257,-1.0825307,-0.69219375,0.69191605,-0.14530735,-0.40619943,-0.176523,1.1589047,-0.14703469,-0.35434178,-0.78735644,0.08915236,-1.0436888,-0.41894197,0.9599725,-0.40264648,-0.63727444
0.956426,-0.5379932,0.90380037,0.69971716,-0.16471927,-0.4491063,-0.5331779,0.020102944,0.17185624,0.16560808,-0.052509364,-1.8414613,-0.3197881,-0.04711899,-0.21660703,0.3354516,-0.12217879,0.57679355,-1.1954666,-0.5131102,0.09508867,-0.30708563,0.5589608,0.7512704,0.22257917,0.34776524,0.49248976,0.05565771,-1.0319383,-0.8086576,0.44884545,-1.535172,0.23933521,0.25491035,-1.0021074,-0.27519703,0.95190144,-0.10350421,-0.3113062,-0.47115076,0.9288223,-0.34046912,-0.45805156,-0.87296695,0.81908286,-0.29322523,0.010317132,1.1445087,0.24455884,0.08577822
1.2760056,-0.13048331,1.7872279,1.5896264,-0.4095717,-0.054709468,-0.37337086,-0.16016044,1.4467437,1.2894064,0.119611666,-1.3279027,0.85064775,0.8044199,0.9161743,0.9352034,0.54946554,0.6669657,-0.39418536,-0.30647632,0.15297085,-0.082926296,0.37550464,1.5901042,0.36835334,1.0942054,0.97659004,1.4777157,-0.8159174,0.54214907,1.2825735,-1.3603613,0.5499579,0.65962976,-0.0025881764,0.65940744,0.8640755,-0.9787737,-0.14876656,0.22281621,1.4753622,-0.2369825,-0.037801884,-1.1214604,1.5691384,0.33548203,0.43909103,1.2696465,1.0212325,0.5080582
-0.3117937,0.44624805,0.43492693,1.097148,0.43057013,0.20895196,-0.3021325,-1.0033673,1.2944716,0.017285,0.7258017,-0.977954,0.73794335,1.0115209,-0.40037513,0.94735384,0.30692643,-0.47620198,-1.1390454,-0.09426629,0.6914409,-0.07697946,-0.4009552,0.31657758,0.54090273,0.023019578,1.1605728,0.22736768,-0.33653086,-0.82595366,0.75532854,-1.0556874,0.06838149,0.28817287,-0.48176315,0.7193496,1.0516189,0.06126472,0.056717783,-0.41879505,0.87209874,0.06244377,0.13456896,-0.72208637,0.14492889,-0.4324471,0.9814044,1.4263924,0.9963609,-0.12406099
-0.03751597,1.1594739,0.6426258,1.6913894,0.89782625,0.89343816,0.21664137,0.12773746,1.9450247,-0.048507314,0.8254939,-0.6575147,1.9485426,1.2010218,0.7301953,1.4103307,0.3702967,-0.20727177,-1.3234433,0.5870363,1.1980441,0.48022008,0.36993054,0.6385908,1.0896052,0.17523956,1.85583,0.7766306,1.4584873,-0.40529686,1.4379563,-0.21509258,0.30276874,0.17464094,-0.87202567,0.9783701,1.5604482,-0.25260788,0.64494026,0.029247165,1.3571906,-0.047865562,0.6244852,-0.21025558,0.21239169,0.22177826,1.420521,1.9899117,1.4069345,0.5242639
0.59321487,1.5255436,1.7545718,2.0327086,0.9253816,1.3711911,0.82345414,-0.0041532125,1.8326547,1.1922551,0.9413549,-0.22723173,2.052132,1.8360593,1.023665,1.6205283,0.7237645,1.0339577,1.243657,0.2495744,1.3077861,0.87957704,0.12548544,1.103242,1.6190612,1.2400526,1.5626523,1.522437,1.3619299,-0.82940644,1.159552,0.32577232,1.787736,0.6060061,-0.41315922,1.505831,1.5522848,-0.8022013,0.89604264,-0.13865134,0.95116967,0.16076006,0.5150776,0.17284082,1.1795087,1.4126109,1.6314093,1.9531705,1.7494577,1.138244
0.666628,1.5603048,1.5917875,1.6251725,1.2792503,1.5828111,0.96073437,0.9574027,1.8827953,1.3329947,0.9453577,0.38996303,1.4875654,1.7750593,1.8701947,1.6205558,1.2412058,-0.27930665,1.2435242,0.68497777,1.4960374,1.148329,1.0372466,1.5645819,1.4634291,0.9449658,1.7356248,1.8941038,0.86453235,-0.74808896,1.4954607,0.43718314,1.4738148,0.6490787,0.44894508,1.8135328,1.8500874,-0.3731737,1.2073488,-0.018339723,1.6906043,0.022333708,1.0240504,0.32414624,1.1695292,1.3700744,1.8813188,2.2155783,1.9333254,0.7529342
0.22196093,2.4493096,1.1295147,1.8001906,1.9582883,2.0451455,1.4823335,1.7702457,1.5128644,0.898171,2.3742995,0.5141889,0.3560586,1.7402692,1.513258,1.894133,1.6275916,0.5702761,0.6143278,1.1870836,2.0712993,1.7101403,0.6210917,1.1403854,1.8889439,1.0669453,2.0003836,1.5057536,1.216608,-0.45370016,1.4518403,1.2759676,1.1298653,0.60988927,0.47260103,1.5113964,2.2927954,0.79458684,2.14655,0.6995475,1.5359697,0.8029208,1.2473425,1.1702935,0.7469266,0.5252182,2.548255,2.7025094,1.4734403,0.92654324
1.32565,1.9288639,2.4199526,2.11326,1.511091,1.8271221,1.2267431,1.0250058,1.7661513,1.3008158,1.5538485,1.1636243,0.96230775,1.5699791,2.299637,1.8056589,0.8953203,1.7171742,1.4286191,0.8079696,1.804344,1.5598917,0.9239698,2.1158905,1.5065439,2.16968,2.3012626,2.346227,2.0372336,1.1872358,2.3110566,1.5193307,2.5645676,0.97396296,0.3358763,1.0418637,2.2617917,1.2311198,1.7922777,0.84662044,1.6068959,1.0385973,0.7300623,1.1823225,2.1503236,1.5569774,2.2014053,2.517531,2.02493,1.1600108
0.3590484,1.0705825,1.378282,1.5188574,1.0131543,1.1631659,1.1515191,0.32642853,1.4988619,1.6542019,0.8987737,1.0137281,0.35925522,1.0497373,1.5208012,1.2688488,0.2949983,0.5779941,1.2950999,0.496931,1.327511,1.4937136,0.41164118,1.571923,1.0066977,1.9418589,1.5010418,1.8509847,1.2568527,-0.0022265513,1.9067297,0.92530197,1.7601427,0.9081533,0.55257565,0.89759535,1.697833,-0.39163166,1.5426296,0.5129542,1.4049288,0.7403171,0.5644427,0.9113907,1.2776688,1.332459,1.533984,2.1797214,1.7743065,0.5544796
-0.4076393,0.49552086,0.42467847,1.1313703,1.8365464,0.890405,1.0895134,-0.35316265,1.512354,0.6745591,1.954256,0.7890558,0.90749055,0.6763581,0.640067,1.1907738,0.69861364,-0.09355958,0.2442708,0.6395238,1.547117,1.292024,-0.043260526,0.7522701,0.6731359,1.5345578,1.5163273,0.7355316,0.50670207,-0.6143991,1.4507351,1.0966309,0.40193757,0.6026849,0.7930345,0.3295088,1.6880412,1.0187877,1.5213711,0.011034273,0.9963572,1.5848404,0.6327207,1.471975,0.35542423,0.12099199,0.97502005,1.9363691,1.3989165,0.0019570992
0.061515916,0.87170017,0.8531288,1.5712562,2.3099713,1.0774226,1.6778607,0.55345917,2.027221,1.1138235,2.0979476,0.4916128,1.3465662,0.9636405,1.7801964,1.6416276,0.9347109,0.34816855,0.7649393,0.98722976,1.7677958,1.5517256,1.1468798,1.2196391,0.7196811,1.245553,2.1914966,1.6087795,0.96232283,0.12346065,1.9983224,1.3479321,1.1528511,0.9722513,0.7604753,1.1565075,2.052972,0.10959142,1.6315131,0.47969916,1.7748346,1.2748337,1.1962537,1.8741106,1.0488025,0.52199346,0.5929797,2.3556843,1.593278,0.21198726
0.99987775,0.8618942,1.4129976,1.471624,2.0063927,1.4457567,1.9040627,0.45332837,1.8560983,1.4881839,2.4766393,0.48278862,0.3429873,1.1204305,1.6079383,1.5827907,1.2553532,1.5414177,1.356234,1.1222821,1.4396912,1.7362336,1.4075034,1.377803,0.90831727,1.441704,1.9795784,1.7171693,0.096632116,-0.46067023,2.1940792,0.8821651,1.8314824,1.6094251,1.7810967,1.6529796,2.1338987,-0.54743344,1.6361327,0.8229792,1.8339928,1.738911,0.95526963,1.9696789,1.9793199,0.87468016,0.24186525,2.3417838,1.3984623,0.5329038
1.9818197,0.8089783,2.4382906,1.1095778,1.2357213,0.9732275,1.9934134,2.1893013,1.6573856,1.9678597,1.5431639,0.7282035,1.4868058,1.4527819,2.4739113,1.1372734,2.1118684,1.8008289,1.0169764,1.068126,0.6690829,2.072724,1.7455664,2.39798,0.4077669,2.2738497,1.3164588,2.3110142,0.9638549,0.5639628,2.9988651,0.75244105,2.2909632,2.0327682,1.8088075,1.2869813,1.9444484,1.3540637,1.4349685,0.5224411,2.1385086,1.8250744,0.6053808,1.6209701,2.90128,1.2020911,-0.0676998,1.8877223,1.0142821,0.8387602
-0.11722457,-0.36145517,0.84377366,0.43184686,1.3043339,0.34788817,1.6724875,0.33707333,0.7104858,0.8461452,1.208062,0.86759466,0.41777542,0.6523447,1.0400519,0.38254836,0.3791426,1.4468719,0.18001696,0.88996416,0.71321374,2.0774226,0.5881909,1.2030823,0.093415365,2.0675216,1.1613048,1.3958662,0.05190333,1.2823322,1.8730905,0.74582607,0.5231498,1.2547783,1.0926591,0.26742274,1.3652556,0.74237657,1.4414487,0.49207783,1.1837158,1.9540663,0.766356,1.7627426,1.452086,0.22239338,-0.14916427,1.0410683,0.28080997,0.2325368
0.3377979,0.018033292,1.3021008,0.55110836,0.8193477,-0.08394589,0.3750358,0.11562683,1.0281073,-0.15607741,0.9091432,0.70736545,0.19800024,0.41221064,1.1382437,0.37291557,-0.50930434,1.6433384,-0.6265413,-0.22874837,0.8195424,1.0028309,0.46893215,1.1734676,-0.449997,1.7124628,1.3080107,0.60244775,0.23246264,2.0910542,1.7340437,0.4566104,0.9325748,0.4576788,1.0744728,-0.1435321,0.80348223,-0.5477389,0.46216866,0.44322264,0.88986653,1.4193099,0.22214292,1.299798,1.5861346,0.5159728,0.14492506,1.2481432,0.4274953,-0.28929266
0.9492312,0.63438326,1.1200355,0.7238342,0.4351661,0.15601185,-0.12577711,-0.35372108,0.9903104,0.63216645,0.6731978,0.6721452,0.26272377,0.32766587,0.95467067,0.29139245,0.01571927,1.9864045,0.9066562,-1.1078771,0.65886694,0.8339615,0.100605875,0.7293093,-0.16182487,1.2030759,1.1727983,0.8851597,-0.05179123,1.3720073,1.4423425,0.7029677,1.4098053,0.11084948,1.6543452,-0.13904943,0.7493382,-0.8432626,0.4520527,-0.8631592,0.41074553,0.503841,0.45010334,0.7132173,1.3834143,0.07681528,0.27371046,1.1246122,0.44902793,-0.4266476
0.945274,0.18075794,1.0542022,0.870409,0.1047675,0.03752148,0.22284698,-0.8078871,1.0307547,1.2682271,0.1004801,0.38669693,1.1572063,0.41853613,1.256529,0.2696365,0.38506046,0.76164013,1.691343,-0.63741165,0.28409567,0.7732795,0.49544317,0.8806005,-0.09915678,1.1693219,1.3411148,0.75200605,-0.6191032,0.48035422,0.9426929,0.8402119,1.0335239,0.21176107,1.0551133,-0.027610656,0.51957446,-1.374049,0.69404435,-1.2293702,0.21996668,-0.508425,1.1933329,0.34369007,0.89929867,-0.47015575,-0.13338213,0.5462864,0.78148896,-0.17461143
-0.20898452,-0.3179506,-0.065808535,-0.041551054,0.17244048,-0.1531191,-0.38913715,-1.4394196,0.08120749,0.33118197,0.14366007,0.19619435,-0.124383144,0.12847173,-0.38067177,-0.0010946373,0.87118655,0.20264097,0.2818739,-1.1359267,0.28984976,-0.19846484,-0.9950193,-0.58717114,-0.22702064,0.38786778,0.37815577,-0.107066214,-0.4990791,-0.5422136,-0.34523386,0.21056652,0.96713203,-0.61686367,0.12697594,-0.40177295,0.18131916,0.05360663,0.2693453,-2.224205,-1.2264686,-0.6561526,0.51637036,-0.019650053,0.1256809,-1.1864522,-0.46473062,0.32226986,0.2633204,-1.3178437
-0.28614923,0.028567892,-0.46331492,0.16504195,0.22103512,-0.34735456,-0.62288177,-1.4373605,0.33570653,-0.6353775,0.25444663,-0.38585654,1.1533134,0.09444298,-0.46910933,0.3152008,0.93418694,0.20302686,-0.29790416,-0.8500019,0.5293757,-0.14194389,-0.55439276,-0.95419997,-0.24973354,-0.7052714,0.8833981,-0.44299778,-0.53065455,-1.1097906,-0.115147024,-0.29955593,0.95820475,-0.38382173,0.12799396,-0.28799537,0.45868123,0.13557656,0.45444804,-2.3304892,-0.8380415,-1.1523447,0.64574426,-0.22209872,0.24216446,-1.7321743,-0.3586225,0.6633039,0.48441595,-1.8490769
-0.24757972,0.21081343,-0.6396729,0.16849646,-0.15062499,0.0125539685,-1.1849688,-1.0620358,0.2737005,-0.7376528,0.41931847,-0.77717566,1.7731086,0.7317647,-0.70925635,0.44160405,1.322607,-0.08271147,-0.032558378,-1.3618659,0.2946286,-0.90031296,-0.49185398,-1.1365741,-0.23454948,-0.6070142,0.6779805,-0.08425282,0.93127054,-0.9549646,-0.32454607,-0.23295313,0.39314118,-0.6963411,0.09018932,-0.046905633,0.29208186,1.1060594,0.06957125,-1.7553879,-1.085341,-1.0225,-0.19353415,-0.7051448,-0.16728216,-1.2078695,-0.40530497,0.5585802,-0.15334046,-0.7712164
-0.5042558,0.68951535,-0.62307185,0.3686647,-0.5337444,0.38299435,-0.39113,0.36450547,0.60101837,-0.26880568,-0.27959818,-0.5593793,3.1260364,1.5219815,0.31050694,0.66964436,0.59067464,-0.048880808,0.2854915,-0.81128573,0.29136142,-0.004299754,-0.72400886,-1.279056,0.07218296,0.10409696,0.6450376,-0.24955414,2.494536,-0.6666746,-0.39158276,0.5730696,0.6735524,0.09736053,0.88136035,0.2728366,0.33576986,1.0839579,0.854317,-1.3124189,-0.8518963,-1.2610817,0.8611839,-0.7267068,-0.31671488,-1.0878655,-0.031998433,0.19522323,0.37191477,0.23103316
-1.1025327,0.7065468,-1.0246975,0.50468224,-0.2035909,0.72315913,-0.23790693,-0.32977903,0.40696245,0.40083438,0.94813126,-0.024677094,0.30871072,1.0949235,0.20035014,0.8043121,0.31290594,-0.7271663,0.49491388,-0.5275153,0.3643359,0.11881537,-0.16820215,-1.4213816,0.0025096126,0.41946518,1.043003,0.69150704,0.3086174,-1.154967,-1.0853316,0.63211733,0.7408605,0.1878744,0.9892183,0.9508244,0.2928639,-0.7948487,0.84274673,-0.75925946,-0.879345,-0.874959,1.3282131,-0.56435484,-0.149812,-0.14744209,0.24957757,0.45250854,0.7244093,-0.10210329
-0.61007136,0.8152323,-0.5885795,1.4385641,0.0334586,1.6788616,0.10017267,1.1842588,0.6604089,1.4554244,1.3251208,0.3278119,0.65821785,1.8602777,0.72122145,1.5752378,2.520631,0.3354767,1.18166,-0.16134891,0.35677755,0.23555021,0.38673443,-0.5461854,0.12656392,0.32961613,1.4915835,1.4534047,0.38697687,-0.92285705,0.014505624,1.2366257,0.5359517,0.7069432,1.544106,1.5264469,0.81530946,1.0941032,1.0512252,0.019760227,-0.4897295,-0.49406,1.5675691,-0.35810897,0.46349272,-0.2506329,0.84248066,1.1498576,0.75209737,0.37929535
1.1029695,0.75852156,0.76925516,1.1911625,-0.41437194,1.6612242,0.66508496,1.2842152,1.4835517,0.67179215,1.0335141,0.8730382,1.6963582,2.360928,1.7801315,1.7862017,2.1629097,0.9193022,0.7784472,-0.339384,0.086701356,0.924239,1.14862,0.7033808,0.14961985,0.70405984,1.2833986,2.0303571,1.4304243,0.39190528,0.8458506,1.9515352,1.1747112,1.2674241,1.1535157,1.3919885,1.0190297,2.3658698,1.2229612,0.047865916,0.38903582,-0.14109147,1.8096544,-0.08924842,1.5530431,-0.13111348,0.6791942,1.221938,1.3314794,1.0683613
-0.82370687,0.2603898,-0.4509076,0.31116477,-0.42364556,0.8868382,0.35959744,-0.38136262,0.60927945,-0.026029982,0.5001627,1.0636171,0.06231817,0.76591057,1.040117,0.9084668,-0.064264074,-1.4183152,0.13819887,-0.4498929,-0.14668037,0.58786994,0.5970551,-0.2978341,-0.14478117,0.6805799,0.9277759,0.7506477,0.9685632,-0.058890667,-0.13200118,1.6519444,0.27020112,0.7381619,0.7535562,0.79893327,0.5987978,0.5880366,0.4480748,0.28349203,-0.58653915,-0.27975768,1.4657028,0.32579258,0.4152542,-0.42678055,0.27657065,0.91072184,1.2985672,0.37996364
0.15638508,-0.22987893,0.033723153,0.3481959,-0.2127624,0.6899347,1.0606295,-2.1182082,0.3162499,0.577647,-0.40768826,0.9949911,-1.0806774,0.11564506,1.5715228,0.9093425,-0.4479067,-0.23158355,1.3692441,0.46725497,-0.09109007,0.7881726,1.1720585,-0.017681362,-0.026576616,1.5041476,0.5673947,1.3281574,-1.064037,-0.53856725,0.14940792,1.5956819,0.6195436,1.1103597,1.56545,0.6052039,0.48818508,-1.7094995,1.109376,0.548416,-0.7641299,-0.078247935,1.7752521,0.7150761,0.3283775,-0.1671259,0.4070926,0.5180538,1.1324617,0.10969302
0.4418405,0.023953311,-0.09772022,0.58846235,-0.14676438,0.850075,0.73639905,-1.4084625,-0.15594007,1.025349,0.26052967,1.1015114,-0.95338255,0.35823905,0.41500634,0.63245404,0.41366336,0.3077347,0.7291284,0.062752664,-0.05776027,0.49235648,0.029746711,-0.15872614,-0.09594303,1.5819297,-0.042166974,1.2887651,-1.0851495,-1.3149236,-0.08554865,1.9084679,1.4030771,1.374186,1.2811991,0.5963035,0.044062965,-0.6066036,0.7219541,0.059382144,-1.1935707,0.019455379,1.5919166,1.2435298,0.66872567,-0.42610952,0.65728307,0.24985512,0.6947906,0.8206212
1.525641,-0.75554633,1.1300855,0.819237,-0.9417228,0.48199376,0.7731534,-0.33836466,0.6374756,1.1347295,-1.6231886,0.3528137,1.4509467,0.9483246,1.9685814,0.65204805,1.3889053,0.9042949,2.0980074,-0.09766689,-0.78628576,0.43916437,1.0815403,1.5082889,-1.0944438,1.3199426,0.7114505,1.8267084,0.038002655,0.64044005,0.48061967,0.5494992,2.4949296,1.3415111,2.0257485,0.4607623,0.03895282,1.1678041,0.46159124,0.09918162,0.3672971,-1.558136,1.2335049,0.19493385,1.924942,0.30383137,-0.24643645,0.34946716,0.65095305,0.37089416
-0.6152362,-1.206834,-1.0165335,-0.20698042,-0.5854234,-0.04586271,0.16278374,-0.5842418,-0.16097966,-0.6407748,-2.7422748,-0.41421992,0.35219735,0.300929,0.2365055,0.20163219,0.760751,-0.4058822,0.4617249,-0.3763259,-0.48824373,-0.11368341,-0.68537074,-0.043047555,-1.0009202,0.20683697,0.49455416,0.46786612,1.113063,-0.72146714,-1.0258584,0.69220954,-0.22902039,0.62682706,1.2599587,-0.75817776,-0.04660197,1.6722782,0.372558,-0.7220473,-0.57906103,-1.9461775,0.94727355,0.37558156,-0.48461336,-1.232232,-0.75981593,-0.07414018,-0.19252166,-1.1258571
-1.7632507,0.49776742,-1.2261183,0.43991816,0.67180705,1.2969906,0.16444866,-1.1259044,-0.17986216,0.6846705,-0.38578308,0.8836959,1.1997434,0.7273134,0.5132631,0.91681343,0.50837964,-0.3594883,0.6841906,-0.20807019,0.59313387,-0.0029474117,-0.73754984,-0.8248699,-0.0055428133,0.99187726,-0.18329456,1.1950039,1.9417974,-1.3175697,-0.8924067,1.6881878,0.27059382,0.66504574,1.1829519,0.19126064,-0.3201609,1.003537,0.90316445,-0.92490035,-1.2979164,-0.1572421,1.6919874,1.2103902,-0.4756057,-0.7364276,0.5440755,-0.061134648,0.22204952,-0.0501447
-1.6645014,-0.24806401,-1.3715075,0.33453926,0.007680363,0.6896819,-0.5101213,-0.97715664,-0.28655463,0.7571924,-1.3239862,0.3027337,0.17619362,0.68414783,-0.5457769,0.45958346,-0.0114658205,-0.5497804,1.2731951,-1.4226754,0.11539863,-0.3248568,-0.82515854,-1.0933704,-0.25579995,0.60430026,-0.16711591,0.36686024,-0.2912042,-1.8012799,-1.0103513,0.69092137,0.5487012,0.63952404,1.1019765,0.20689584,-0.57985705,-0.218921,0.1503278,-1.2978588,-1.0714571,-0.9246901,0.5368633,0.70315325,-0.21952672,-0.122762784,0.073011585,-0.026129697,0.07772642,-0.23012622
-1.6332039,-0.22690374,-1.7823393,0.04971921,-0.21556082,0.64331365,-0.33482546,0.44886106,-0.20968501,0.48466322,-0.64171106,0.5345112,0.93588024,0.7316182,-0.51339316,0.31074014,0.31632718,-1.5428755,0.2208062,-1.0371404,-0.10801097,-0.01784051,-0.9918108,-1.2425686,-0.20504798,0.93452215,-0.02314791,-0.0142801395,0.06875603,-2.0205145,-0.94341815,0.52902746,0.28894582,0.7777857,2.0895383,0.5135582,-0.6943908,0.8243901,0.35730922,-1.107283,-1.3498864,-1.1736656,0.7365981,0.3294305,-0.39778405,-0.08682494,0.04415426,-0.24281314,0.332143,-0.28554553
-1.5011528,0.19044249,-1.9704843,0.49331787,0.72038126,1.1473823,0.38555506,1.009091,0.11935524,-0.07252185,0.7781535,1.5423183,1.3414706,0.8659176,0.074781775,0.82973504,0.48292062,-1.3500965,-0.5476512,-0.27475148,0.86996377,0.25826263,-0.18636559,-1.5119126,0.5464997,0.85448676,0.12954631,-0.37072635,0.87514466,-1.3949505,-1.0427817,1.84284,-0.12456322,0.9652258,0.93743753,1.0135818,-0.31104404,1.8125892,0.7732396,0.09453962,-1.5767225,0.46007973,1.3032911,1.1733738,-0.485846,-0.8647451,0.7548872,-0.15631446,0.70385337,0.44944066
-0.22830781,0.81335,-1.0062354,1.1153891,1.0916328,1.7334306,1.2519187,0.08571672,0.7842934,0.76747453,1.1692317,2.0340838,0.36330637,1.3988396,0.9654002,1.0877137,0.63179135,-0.095231816,0.91717714,0.47086677,0.8551397,0.35348135,1.505363,-0.7867269,1.2093985,1.2285912,0.502358,0.65117437,0.08033992,-0.512494,-0.74161726,1.7725118,0.14961722,1.2299463,1.170891,2.1702192,0.04352731,-0.28049117,0.8220871,0.81156445,-0.8576643,0.9027029,1.3578992,1.5270216,0.6488851,-0.052881572,1.0593448,0.27779654,1.0140322,1.1113697
0.5725554,1.0439272,-0.49721178,0.5089116,0.7941209,1.8688563,1.6365404,0.64427143,0.7378846,0.82940674,1.3550947,2.5742679,0.03411833,1.2146684,0.85433304,0.6366684,1.0149409,0.9515464,1.6055163,0.8511213,0.48236772,0.87189645,1.5679018,-0.6343735,1.3682985,1.0793275,-0.20874116,0.31907403,-0.06326302,-0.6098169,-0.7888296,2.0362422,0.65229446,1.5688049,1.3549794,2.2005367,0.10019959,-0.45416182,0.9749813,0.6876001,-0.7134062,1.3907931,0.90473145,1.8111508,0.94561714,0.025555387,0.86413646,0.08585163,0.9435742,1.302354
0.50009304,-0.23522213,-0.61282337,-0.4786604,-0.4683796,0.31957856,1.0311908,0.17802972,0.053585462,0.40930608,-0.80538523,1.8945781,-0.0042410535,0.34930724,0.1273241,-0.49526864,0.81727874,0.24813442,1.1247077,0.33883482,-0.6390202,0.5227148,1.7045355,0.07347449,0.1975011,0.5130216,-0.5664723,-0.2908969,-0.4846553,-0.15485825,-0.9097789,0.58285284,-0.17857203,0.95286095,1.4170611,1.0927323,-0.39749873,0.38440993,-0.13815871,0.71628916,-0.15135933,0.3739164,-0.052549165,0.98733556,0.7339129,-0.09588396,0.029393611,-0.29809207,0.12294947,0.12530208
-0.8189788,-0.8149894,-0.99670655,-1.5818458,-0.08142002,-0.7704823,0.26399067,-1.5314186,-1.068711,-0.4250539,-0.40258232,1.3356955,-0.51721865,-0.76977617,-0.9497936,-1.4320866,-0.46710888,-0.63394976,-0.75252664,0.12011929,-0.2888745,-0.3663286,0.44087127,-1.1320132,-0.16819821,1.1491858,-1.5663273,-1.0712891,-1.0814501,-0.057503104,-1.7498617,0.43164742,-0.33258745,0.16863734,0.55500853,-0.6035364,-1.3269563,0.80396855,-0.70627755,0.18078451,-1.3715671,1.062317,-0.32350656,1.2197639,-0.44004905,-0.23948622,-0.039812893,-1.4830085,-0.7880759,0.027208451
-0.46905243,-0.66814256,-0.6110616,-1.4929,-0.039035037,-0.5832119,-0.285786,-1.069679,-1.1671104,-0.9190428,-0.4215878,0.8021011,-0.07314235,-1.0255482,-0.25822473,-1.3205156,-0.5235133,-0.3088495,-1.0509287,0.25705147,-0.074973755,-1.083486,0.2756057,-0.5320028,-0.53118926,0.8054429,-1.3125641,-0.43300167,-0.07903207,0.36221793,-1.1845914,0.37562865,-0.9412141,-0.14745867,0.79843515,-1.01709,-1.4613307,0.9002074,-0.6383745,-0.1963086,-0.8764175,0.2291737,-0.2138356,1.1631238,-0.17996404,-0.55612326,0.14030278,-1.5427629,-1.0257298,0.12038546
-0.60444397,-0.9395527,-0.33269045,-1.6671109,-0.5405464,-0.7205192,-0.9717077,-1.2373432,-1.5947735,-0.83535063,-0.8531984,0.44632688,-0.4751246,-0.7876398,-0.65105665,-1.6144805,-0.82818973,-0.5631155,-0.78233033,-0.25546736,-0.3763073,-1.2617869,-0.7258306,-0.9528567,-0.5880257,1.1443638,-1.7232237,-0.9121178,0.32143444,0.4187207,-1.7957617,0.13431971,0.2790237,-0.39805153,0.590363,-1.3255713,-1.8350677,1.0026861,-1.0082164,-0.41488865,-1.4538264,-0.04943798,-0.9007334,1.0433648,-0.40792954,0.002441835,-0.30959058,-2.0235903,-1.2761034,0.6872998
-0.7218998,-1.1079545,-0.31559312,-2.5304172,-1.2605804,-1.2528131,-1.1221055,-0.22975291,-1.9167647,-0.9054129,-1.6473632,0.01598663,-0.7609843,-1.2992425,-0.96240896,-2.0053482,-1.5593516,-1.3480383,-0.6898327,-0.4380436,-0.9318933,-1.3080094,-0.8497934,-0.65505385,-0.77090245,1.1419891,-1.853136,-1.3045778,-0.12899229,-0.73137367,-1.6954311,-0.63845384,-0.15862305,-0.57943696,0.9599719,-1.5320125,-1.9245542,0.41526046,-1.3073748,-0.91105044,-1.0245305,-0.7286439,-1.1844989,0.23574755,-0.47491825,-0.28759596,-0.9905213,-2.192166,-1.4759388,0.31771833
-0.58399004,-1.2183402,-0.76191,-2.3625019,-0.7759822,-1.3692533,-0.70209163,-1.419561,-2.2314198,-0.79449517,-1.4340478,-0.050442882,-2.181389,-2.085828,-1.6390214,-2.1009374,-2.0028198,-1.6523857,-0.8306535,0.26121247,-0.8071809,-1.3656052,-0.47091708,-0.89215904,-0.62901,0.67246246,-2.6881154,-1.2707583,-1.9133234,-1.2134705,-1.7857804,-1.0570105,-0.46319818,-0.59892946,1.1382972,-1.7591344,-2.1285315,-1.1811786,-1.0440606,-0.4462412,-1.0549067,-0.19452713,-0.8011653,0.16907012,-0.8255779,-0.6738346,-0.5278337,-2.254638,-1.6969208,-0.47046754
0.16144715,-0.40213633,0.10729869,-1.2066594,-0.1194133,-0.46112666,-0.3941319,0.05350315,-1.8158455,-0.018924685,-0.6851747,0.15043095,-1.1226449,-1.2362512,-0.52158666,-1.0328176,0.05643526,-0.059600282,-0.00321933,0.7409926,-0.11413078,-0.7807694,-0.061396774,-0.24407151,-0.11083821,0.65574294,-1.8252736,0.045591958,-1.0437838,0.31671885,-1.05373,0.1362694,0.31203637,-0.46064228,1.3106525,-1.2320199,-1.2368376,1.1743932,-0.12932596,-0.3026942,-0.5327721,0.38566956,-0.23526226,0.47165442,-0.43371996,-1.3456374,0.28469157,-1.3579677,-1.6911743,-0.026945913
0.1805135,-0.14010714,0.42785475,-0.95063776,-0.041853894,-0.5280812,-0.76790637,-0.5220134,-1.1865033,-1.3696142,-0.7863167,-0.21355619,-0.16176139,-0.8194136,-0.65951025,-0.6940548,-0.73695636,1.1468552,-0.91259706,0.11750019,-0.040376112,-0.73602074,-0.39842647,-0.540125,-0.23482029,-0.051151924,-0.835111,-1.1868188,0.18201664,0.8201453,-0.87285864,-0.45424294,0.84267354,-0.85887265,1.3468697,-1.1792457,-1.1188757,1.0096897,-0.07682137,-0.4761479,-0.33179057,-0.26848423,-0.23413706,0.5620712,-0.4874579,-1.1422942,0.19408467,-0.820783,-1.1628072,-0.3557147
1.2247423,-0.5072091,1.6511441,-0.547557,-0.42442176,-1.0848371,-0.9522332,-0.0995724,-0.6411118,-1.0408918,-1.3319287,0.0932649,0.61283225,-0.7763066,0.23546505,-0.6553593,-1.2469387,0.95510525,-1.0475101,-0.75290525,0.17927872,-0.8788662,-0.50936484,0.19574454,-0.31442377,0.4348035,-0.6500595,-0.28877228,0.052575942,1.6021811,-0.5050375,-0.103403196,1.1481911,-1.2373295,0.7149233,-1.7282321,-1.0349172,0.45141277,-0.3477707,-0.9670082,-0.66050875,-0.41631845,-0.22501577,0.1921191,0.15604627,-0.69461817,0.13825978,-1.0283432,-0.3725962,-0.03842597
-0.6688892,-0.42199117,-0.3167098,-0.6761167,0.1301985,-1.3325462,-1.0041736,-1.2363659,-0.59948736,-0.89653134,-1.7652729,0.0075444677,-0.3303591,-1.36894,-0.63512486,-0.7456669,-1.9316516,-0.21949197,-0.6646755,-1.1538168,0.5400305,-0.9680687,-0.7368157,-1.3952968,-0.14122438,-0.89931434,-0.35351443,-1.0444006,-0.66540146,0.3607013,-1.448801,-0.23364945,-0.15265408,-1.7698106,0.5452598,-1.5773588,-0.8881371,-1.5665703,-0.22631508,-1.5207257,-1.2068458,-0.8715743,0.27730158,0.22884347,-1.3790289,-1.3001373,-0.09012169,-0.8238457,0.030095706,-1.1591517
-0.74954855,0.3761793,-0.86439466,-0.16991702,0.8442476,-1.3319845,-0.81745034,-2.2356498,-0.29940876,-0.4198274,-0.5122973,0.06377462,-0.4480958,-1.4624459,-0.93535745,-0.11362335,-1.242562,-0.7082143,-0.42787218,-1.1796488,1.1865115,-0.49096945,-0.48731312,-1.7301182,0.64710087,-1.8300564,0.005183024,-1.0058094,-1.9534186,-0.9117243,-1.9295243,-0.002889719,-0.07757058,-1.645421,0.0843573,-0.97414726,-0.1246683,-2.253573,0.53580344,-1.3846364,-1.231309,-1.2217978,0.6214926,0.56669164,-1.4797254,-1.6119093,0.2711567,-0.32301396,0.32834983,-1.9836632
0.0858499,0.098484844,-0.45567203,0.3073551,0.7795364,-1.2288285,-1.1501569,-1.8072407,-0.46485388,-0.5982455,-0.3280732,0.05527516,-0.56599075,-0.9343265,-1.3893803,0.25234127,0.21991566,-0.0347311,-0.7096465,-1.8722515,1.1625199,-0.71658516,-1.4295279,-1.3706805,0.8636498,-1.8157358,-0.30262125,-1.2881033,-1.490287,-1.0590316,-1.6776099,0.44870722,0.8880954,-1.241928,0.37628636,-0.4187508,-0.25961047,-0.74137294,0.24483605,-1.9665357,-1.3366983,-1.3515891,0.44979212,0.61629474,-1.0460291,-1.6909987,0.39348114,-0.47459424,0.59996074,-1.8451388
0.3945601,0.49196884,-0.07903476,0.31684697,0.8706999,-1.0094571,-0.7252491,-0.4771308,0.06360084,-1.0559564,-0.67130667,0.33623496,0.2147429,-0.6501484,-0.5386889,0.59181565,0.10106566,-1.6169685,-0.9024744,-1.3014578,1.2993988,-0.41756156,-1.0168808,-0.8246825,1.0900204,-1.553555,0.14739408,-1.1816641,-0.13317744,-0.68093747,-0.5885139,0.75087434,0.61354846,-0.5347804,0.8135846,-0.2691768,0.04886243,-0.16365622,0.6602318,-1.3446085,-0.8953157,-1.4853249,0.82240045,0.6568163,-1.1043183,-2.0657737,0.5448161,-0.26989183,0.8100401,-1.4410694
0.17036362,0.65502745,-0.46108162,0.52302027,1.3127905,-0.5106123,-0.16111882,-1.1911343,-0.33656773,-0.74496305,-0.5498985,0.53019464,0.13384639,-1.1082188,-0.5237976,0.8734932,0.17479211,-1.2099715,-0.89759564,-0.49910653,1.395414,0.3637973,-1.0840148,-1.0435127,1.3807744,-1.1005539,-0.080044046,-0.6571302,1.2096204,-0.72007954,-0.82882375,1.097397,-1.379463,-0.19260064,-0.62830573,0.18467739,0.13401012,0.42998758,1.1179307,-0.6250218,-0.938996,-1.4480399,1.4252435,1.2116914,-1.5868219,-2.3982735,0.57364786,-0.15618506,0.5561005,-1.4310452
0.45756638,0.35854068,-0.19003084,0.8955592,1.1707652,-0.22080381,-0.12050487,-1.7386953,-0.1361007,-0.34388953,-0.7182058,0.8804871,0.027788397,-0.5302863,-0.62985766,1.2005981,-0.09440808,-0.5667601,-0.7352352,-0.70595163,1.329242,0.55211955,-1.2769605,-0.7793857,1.5082229,-0.55104023,-0.13692553,-0.286578,0.47127774,-0.66206014,-1.1887014,0.9053873,0.17016833,-0.025700523,0.032283187,0.18333475,0.3820183,-0.07666817,1.2917198,-0.596561,-0.7594923,-0.95909685,1.3454741,1.1549717,-0.90017575,-1.8867742,1.2227589,-0.28710315,0.67303085,-1.2086997
-0.0883938,0.5381146,-0.18410012,0.7014283,0.5480225,-0.23495862,-0.42997813,0.18630125,0.1213009,-0.17865722,-0.63868535,0.9025666,0.649261,-0.25272647,0.07926869,0.98380524,-0.10078826,-0.63763726,-0.20812802,-0.8470871,0.6414828,0.49533856,-1.1216468,-0.5085734,1.0854707,0.11594598,-0.104319334,-0.79279155,1.3349133,-0.30648962,-0.7915581,0.4539296,0.53406674,-0.23544337,1.1157628,0.60347146,0.011934389,-0.25550967,0.7969576,-0.9711428,-0.6468278,-1.9293072,1.020579,0.7095794,-1.2233857,-1.2926999,0.77769214,-0.40112266,0.95874697,-0.6620007
-1.3388063,0.40644732,-1.45084,0.45983812,0.9245237,-0.2682393,-0.2663367,0.6019715,-0.40214613,0.19242373,0.17142764,1.30483,-0.35972998,-0.55365545,-0.9989545,0.59816456,-0.25166243,-1.4870914,-0.3071971,-0.7116123,0.87749773,0.19577749,-1.6202712,-1.4583687,1.4294139,-0.35833,-0.59670657,-1.4877815,-0.49975172,-1.7635577,-1.3835257,0.9971271,-0.70198363,-0.09368173,1.3011109,0.76861566,-0.28830013,-0.82637554,0.7286909,-0.29082283,-1.5110427,-1.3496703,1.4255787,0.90443355,-2.2684903,-1.6450511,1.0326071,-0.8216781,0.80445254,-1.1465737
-0.814739,1.1527342,-0.8102986,0.70843416,1.8609152,0.5195153,0.36027855,1.2528741,0.4327345,-0.2596166,1.1244128,1.7544612,0.10260818,0.35861975,0.3958882,1.247695,0.9078957,-1.2594955,0.036275543,0.79428273,1.5278311,0.3446738,0.13255504,-0.72399867,1.8134749,-0.21333091,0.21101056,-0.6371032,1.2730702,-0.5918754,-0.80223006,1.6320298,-0.08778068,0.5070105,1.1875762,1.346079,0.15104395,1.869054,1.2146417,0.7893183,-0.52674323,-0.020121658,1.7269404,1.700367,-1.5825789,-0.96277267,1.9702147,-0.52716637,0.93178576,-0.23105703
0.2593741,1.8989298,0.27378038,0.9100553,1.8347489,1.5364429,1.2094381,0.9012471,0.9476653,0.29920813,1.3095508,2.3207164,0.51111025,1.413599,1.2932045,1.2120098,0.478174,0.5988328,1.0413703,1.785399,1.3002522,0.69604,1.235549,0.26415828,2.0919156,0.829771,0.7670436,0.1919808,1.4281076,0.17247705,0.48783794,1.6888493,1.1704963,1.3145332,1.1219227,2.0515041,0.5343157,0.34886855,1.4644395,1.8932276,0.016289534,0.79695094,1.5096334,1.6056484,-0.67448586,0.28944132,2.0947099,-0.03993325,1.0961424,1.5304039
2.0255027,1.1628437,1.7668798,0.23781279,0.65638506,1.1573243,1.1043715,1.5223444,0.88364977,-0.19556646,0.08862925,2.053795,0.65726835,1.6778051,1.5594276,0.2936638,0.051226325,1.9238456,1.3136194,1.7353404,-0.22972447,0.9075948,1.2162707,1.4440299,1.3746358,1.558062,0.40976635,0.43881822,1.4909595,1.1023687,1.0555259,0.9904425,2.5835478,1.2688804,1.5316828,1.5071737,0.29795262,0.36907193,0.7857509,1.6833227,0.6036693,0.5001898,0.4152701,0.6060714,0.37737453,0.05921916,1.1974769,-0.25738236,0.50029284,2.2621918
0.77388257,0.112207144,0.70498514,-0.81752586,0.29969758,0.49575537,1.2304513,1.5630039,-0.10532095,-0.5918917,-0.25154695,1.7671053,-0.41739565,0.75378674,0.8097241,-0.721667,-0.9357589,-0.48070416,0.8241153,2.250753,-1.0274452,1.0119852,1.0807791,0.7585804,0.8163824,1.1774877,-0.23748206,-0.42133376,0.75243014,0.33056217,0.40049338,0.34707963,0.8985673,0.74963266,1.0049199,1.0545537,-0.08718318,0.4056606,0.037148867,1.8650964,0.07156381,0.8488941,-0.1945157,0.4200863,-0.4793984,-0.054745566,0.10370761,-0.7096321,-0.2456491,1.9733765
0.6803496,-0.08573403,0.589448,-0.9221299,0.17111276,0.46525514,1.3949757,-0.16110276,-0.51021016,-0.4835018,-0.17127004,0.9528567,-1.9266727,0.21497858,0.6432533,-1.0978664,-1.4211144,0.35357118,1.0134915,2.575204,-1.4331568,0.63996977,0.96062297,0.77245057,0.21427397,1.1002873,-0.6868678,-0.4793599,-1.0005871,0.77968013,0.8756562,-0.14608748,0.83981997,0.30861065,0.00031058118,0.610791,-0.21384412,-1.6289696,-0.60364234,2.6086798,0.2841973,1.0374514,-0.66764975,-0.11041206,-0.44225356,-0.2766543,-0.5416239,-0.9353094,-0.8532189,1.7087862
1.3477741,-0.53140527,0.94821864,-1.0744838,-0.5565199,0.22349997,1.0033159,0.55621636,-0.65954775,0.15211484,-0.52184725,0.19183958,-1.846789,0.15169445,0.43223867,-1.4476578,-0.7661757,0.94987416,1.4449481,1.6252962,-1.9138911,-0.10090551,1.1390488,0.9013746,-0.25601658,1.0817748,-0.81455463,-0.15708153,-0.8145721,0.9622573,0.48144856,-0.6058313,1.5208598,-0.19525756,0.9983804,0.09660481,-0.89316154,-0.7463038,-1.2716804,1.0701215,0.31126922,0.82584083,-1.8066379,-0.42964578,0.31078878,0.12723638,-0.93456876,-1.1027315,-1.1163121,1.7435844
0.7992701,-1.105465,0.7803473,-1.4205166,-1.4517112,-0.35058433,-0.011250821,-0.3581186,-0.7172159,0.2502226,-1.2627462,-0.274886,-1.0336777,-0.31106147,0.10905134,-1.9129333,-0.5014139,-0.40279502,1.3256669,0.8060053,-2.4202504,-0.9156568,0.9720159,1.0591636,-1.0167542,0.9651988,-1.1551554,-0.12413272,-0.43615237,1.0966572,0.83424604,-1.2778825,0.39994794,-0.4103653,0.8522002,-0.45448223,-1.5083183,-0.2944983,-1.9166206,1.1631899,0.5390908,0.18671833,-2.1811614,-1.2997183,0.69228786,-0.015340689,-1.3594865,-1.1532222,-1.4422089,0.86035985
-0.26487303,-1.5475539,-0.28571627,-2.0313203,-1.0566014,-0.8859956,-0.1457057,-0.1770874,-1.313099,-0.64302933,-0.6841346,-0.40839446,-0.95211655,-0.8868854,-0.6380511,-2.1149487,0.014671318,-0.9554911,0.7742986,0.636778,-1.7334176,-1.2602092,0.5020505,0.29817772,-0.9991147,0.21631134,-1.2975569,-0.36870623,-0.73912734,0.6704501,0.080195375,-1.1166501,-0.6509855,-0.7027535,0.46883953,-1.1007231,-1.6491205,1.3466457,-1.6613692,0.18606067,0.13753352,1.0681003,-2.0195878,-0.80668783,-0.072630376,-0.119538076,-1.2692627,-1.3581403,-1.7934315,0.5174618
-1.0736506,-1.3067458,-0.6384818,-1.423164,-1.1074021,-0.67844796,-0.5050509,0.4351101,-1.2838503,-1.6146958,-0.65236425,-0.43929812,-0.69727355,-0.8504846,-0.43009275,-1.9078981,-0.68798006,-0.5126911,-0.6533912,0.23797856,-1.4851874,-1.3660907,0.021480715,-0.36815345,-1.1567869,-0.14773723,-1.1356533,-0.24140401,-0.095212154,1.1244729,-0.30430728,-0.944207,-0.71083236,-1.0951335,0.31166822,-1.2242672,-1.5163637,0.9650502,-1.5724856,0.3900552,-0.22153187,1.3357583,-1.780902,-0.92320734,0.084743336,-0.107794896,-1.0395021,-1.2474207,-1.8655477,0.1544915
0.95747954,-0.80147964,0.5568663,-1.0135939,-1.7882377,0.073048934,-0.35069263,0.68838626,-0.875293,-0.087757245,-0.5329417,-0.53008,-0.8438431,-0.059272118,0.5127429,-1.6889433,-0.09015463,1.3064896,1.319693,-0.59107053,-1.6326237,-1.2386411,0.042471994,0.09490455,-1.1870468,0.5563953,-1.2764294,0.81908786,0.6190658,2.0562685,-0.37911484,-1.0749059,0.76541716,-1.0971262,1.166888,-0.54030263,-1.6277907,0.68377364,-1.6314704,0.26865283,-0.194344,1.0569867,-2.152792,-1.1918024,1.0310715,0.94901633,-1.0217537,-1.4148319,-1.5708823,0.24408846
-0.7080497,-1.434102,-1.0043247,-1.4481205,-2.1796093,-0.10043175,-0.9110138,1.7242113,-1.438642,-0.30569857,-0.45562747,-0.6122479,-0.57228905,-0.8520367,-0.17856587,-1.9956332,-0.43705735,0.24813442,0.37526765,-0.78790396,-2.0416024,-1.4221262,-0.38999733,-0.8861611,-1.567894,-0.16501403,-1.350251,-0.5992782,0.02638139,1.2485144,-0.9671107,-1.1999645,-0.02230514,-1.2347747,1.0823927,-0.4872685,-1.9370992,0.4952668,-1.8619131,0.837235,-0.9245615,0.3940647,-2.1056535,-1.4943866,-0.1145161,0.24485454,-1.544914,-1.5449736,-1.7413943,-0.7381844
-0.778071,-1.0607462,-1.235523,-1.7607703,-1.6363462,-0.26413888,-0.7441939,0.35581514,-1.5528939,-1.5853351,-0.72709394,-0.60061604,-0.5999192,-1.3436087,-0.51046693,-1.737983,-1.5283136,-0.45244762,-0.6988269,-0.19607304,-1.5528954,-1.560065,-0.7816261,-1.1118952,-1.2852105,-0.8468539,-1.6642923,-0.76896805,-0.2592177,0.8757123,-0.49982235,-0.9488027,-1.15327,-1.473105,-0.24834415,-0.92148125,-1.8487911,0.23707353,-1.6150881,0.55747175,-0.977401,0.83047813,-2.0148714,-1.2544966,-0.8933014,-1.2617017,-1.616904,-1.483386,-1.9053421,-0.9530118
0.43187052,-0.47150683,-0.44490245,-1.2611568,-1.334892,-0.27169374,-0.68526584,-0.5456763,-1.6276584,-0.75715816,-0.8440581,-0.795779,-1.11622,-1.3415588,-0.25081158,-1.694389,-1.1839075,0.30361843,0.5552182,0.11074124,-1.6223589,-1.611298,0.1786434,-0.5377821,-0.92644423,-0.78758454,-1.4715248,-0.7281826,-0.5697409,0.4111698,0.0693507,-1.1207236,-0.3625109,-1.4273498,-0.73773384,-0.68011,-1.7294687,-0.77399075,-1.6539907,0.93781173,-0.5108595,0.46775526,-2.344076,-1.2537796,-0.33963707,-0.14671513,-1.3362985,-1.4845076,-1.7528193,-0.3302247
1.2625923,-0.85867614,0.9669041,-1.2660965,-1.9755282,-0.81235695,-0.8352095,0.654986,-1.0586637,-0.14569275,-1.5439833,-1.0722312,-0.6642946,-1.0303509,-0.41552657,-1.6821291,-0.7044082,0.25795346,-0.64688617,-0.16616467,-1.9848661,-1.7507973,-0.4796453,0.516227,-1.2684015,-0.688455,-1.2184352,-0.44428647,-0.09864996,0.89862317,0.15738602,-1.1861775,0.34562495,-1.1215494,0.12856334,-1.3610646,-1.6821275,-0.24132802,-1.8126807,-0.013799182,0.17779359,0.080593236,-2.3952603,-1.5998596,0.24790093,0.5664125,-1.2265129,-1.4936848,-1.5776055,0.55058926
-0.63553596,-1.3362244,-0.10878757,-1.9449897,-1.717991,-1.420761,-1.0950379,0.46498528,-1.5961132,-1.5806552,-1.5117402,-1.0474013,-0.75370485,-1.5908883,-1.2497661,-2.06569,-1.8025379,-1.7315812,-2.5404828,-0.033583555,-1.6944313,-1.9315777,-1.1108248,-0.5085734,-1.4921181,-0.72998714,-1.7449514,-1.4258893,0.046821363,0.6157866,-0.961861,-1.3188608,-0.9159768,-1.8705689,-0.49118412,-2.0824497,-1.9388561,1.05446,-1.9008371,-0.023641247,-0.1949237,0.21544833,-2.064045,-1.3778671,-1.3067304,0.1398929,-1.1587366,-1.8571819,-1.9744827,0.1102897
-0.58671385,-0.6261863,0.20442335,-1.1429607,-1.2007512,-0.7997468,-0.6266657,-0.38237476,-1.6552805,-0.58837324,-1.0048641,-0.7513335,-1.291116,-1.4673071,-0.571853,-1.4123011,-1.6498144,0.32908788,-1.0470123,0.59436554,-0.83985233,-1.1568592,-0.9884935,0.0008434572,-1.0989755,-0.6770906,-0.8343497,-0.8244865,-0.95970714,0.5908751,-1.0952437,-1.2783351,-1.3038559,-1.6524976,-1.0486429,-1.4907589,-1.0319711,-1.0605254,-1.1159631,-0.030642303,0.18135874,0.30827448,-1.1630722,-1.0319465,-1.5677873,0.8383882,-0.26645783,-1.3620441,-1.6496308,0.50175726
-1.1680316,-1.7378446,-0.36976358,-1.1939713,-1.3216147,-1.3081124,-1.6596727,-0.9503178,-1.3633034,-0.79678386,-1.1502892,-1.0306125,-1.9210707,-1.6819636,-2.079974,-1.4527752,-1.4081692,-0.5479367,-1.7201842,-0.50812554,-0.7413015,-1.2234186,-1.6815864,-0.4302881,-1.3340667,-1.4475679,-0.7497815,-1.5821698,-2.3596022,-0.10568051,-1.1642491,-1.5290792,-2.0812633,-1.9918927,-1.18485,-1.5256674,-0.9415312,-1.2426178,-1.436209,-0.7008919,0.23518378,-0.16851556,-1.5138948,-1.1875536,-2.0612423,0.6634894,-0.11027074,-1.0096437,-1.4238789,-0.3662162
0.0062697926,-2.02492,0.24536757,-1.2800759,-1.9999992,-1.8878697,-2.432246,0.116848364,-1.873099,-1.662127,-1.725024,-1.3653767,-0.74655205,-1.4151218,-2.2986617,-1.37117,-1.2483566,-0.5968604,-2.3941858,-1.8052534,-1.0039413,-1.7201788,-2.2207525,-0.52428675,-2.0022013,-1.1360041,-1.3243505,-1.2502785,-1.8876519,-0.07260493,-1.3238108,-1.8689519,-0.61339134,-2.1817088,-1.2024667,-2.0577843,-1.2450331,0.01583981,-1.7134674,-1.0366889,-0.41946998,-1.0389439,-2.015925,-1.7546701,-1.5613397,-0.28301054,-0.9696317,-1.3277941,-1.4502496,-0.32619116
-1.6828226,-2.1699455,-0.52078575,-1.3451629,-1.8517641,-2.3761547,-2.926828,-0.7003922,-1.507155,-2.0439,-2.3176613,-1.5652382,0.040606506,-2.6375215,-2.1522846,-1.5074797,-2.134122,-1.3761662,-2.4575768,-2.125353,-1.0043558,-1.857459,-2.0830312,-0.825932,-2.3781016,-1.7622093,-1.026634,-1.6529783,-0.7000036,0.5207548,-1.4180284,-2.3736432,-2.5243816,-2.593147,-1.6273763,-2.2367446,-1.097921,-0.03916317,-1.9729748,-1.3092736,-0.68702996,-1.9373293,-1.8125751,-1.9245634,-2.4026573,-0.8439242,-1.8087925,-1.2143569,-1.0455589,-1.5943913
-2.353125,-1.1660314,-1.600547,-0.35781687,-0.67195004,-1.7375872,-2.2695882,-1.3707346,-1.2008885,-1.3544472,-1.2788836,-1.8323315,-0.85789555,-2.0615804,-2.0415425,-0.5345661,-1.7682946,-1.4607215,-2.138332,-1.7734017,-0.15745708,-1.3321087,-2.1826308,-1.2509094,-1.2166024,-2.0197861,-0.05639833,-1.3937764,-1.1377255,-1.0280858,-1.7657143,-1.9274774,-2.3900535,-2.1361325,-1.3850195,-1.3170824,-0.14124146,-1.798713,-0.93259263,-1.3553638,-0.6478133,-1.5553908,-1.043083,-0.9982759,-2.8084772,-0.7198567,-1.3432957,-0.49537504,-0.5427221,-2.0284617
-2.7258437,-0.9749514,-1.8230355,0.36963326,-0.3641023,-1.7394689,-2.6070626,-2.1159396,-0.5638594,-0.9865773,-0.66802883,-1.7048777,-1.0660553,-1.7051862,-2.9973187,-0.09115592,-0.9822694,-1.8663036,-1.5419263,-2.1667519,-0.046666592,-1.4076666,-2.226,-1.4204444,-0.85137254,-2.3296783,0.3584632,-1.5495692,-2.1933548,-2.054171,-1.4917307,-1.3555219,-2.150116,-1.735935,-1.4955691,-0.650637,-0.14546242,-1.8615049,-1.0607209,-1.5318362,-0.34338453,-2.003051,-1.2449005,-0.7840106,-2.3181036,-0.15508448,-0.8717466,-0.16238587,-0.07575032,-2.062663
-0.20451345,0.028051786,0.09538764,0.91922426,-0.4357176,-0.9211861,-1.4886652,-0.346357,0.20627214,0.12646061,-0.52178425,-1.5047107,1.1750567,-0.22733669,-1.1217266,0.77497584,0.4071907,-0.22703849,-1.1959976,-1.802782,0.111278124,-0.7611951,-1.6108904,-0.38808402,-0.38519844,-0.619154,0.26666218,0.42265728,-0.26493493,-1.5555203,-0.78427076,-0.7098612,-0.40185905,-0.8882009,-0.99677575,-0.2479112,0.16383538,0.9605339,-0.2698586,-1.058859,-0.09718649,-1.2997526,-0.2138356,-0.4838162,-0.5611787,1.0383577,-0.45924008,-0.10387174,0.4253829,-0.6867986
-1.8437816,0.24408698,-0.8813183,0.46248552,-0.17064296,-0.8185637,-1.6405262,-0.1923391,0.16117103,-0.9330143,-0.82498956,-0.855237,1.7024665,-0.6982923,-1.2916439,0.49461186,-0.655247,-2.3146777,-1.9671433,-1.6595979,0.13782981,-0.6676061,-1.4727069,-1.2296044,-0.35311514,-0.9996555,0.2926798,-1.1371866,1.2645131,-1.7178972,-1.0627441,-0.7253195,-1.2875983,-1.3288652,-1.6514463,0.043202557,0.048219647,-0.09855155,-0.7362191,-1.5161852,-0.6091474,-1.9362099,-0.36741322,-0.2882716,-1.3293444,0.63882875,-0.521245,0.029310985,0.7033082,-0.9694562
-1.6614951,1.1035827,-1.4143624,0.95919335,1.2018747,0.25478658,-0.31065887,-1.0212016,0.43818873,-0.027054785,0.66459334,-0.06482512,-0.32573825,-0.32025686,-0.9961583,1.1594398,0.0077671683,-1.8600005,-0.9766186,-0.3669901,1.1729553,-0.09523608,-0.62582296,-1.2404443,0.80926883,-1.0388614,0.52597445,-0.8021259,-0.48846674,-2.227584,-0.93754685,0.22334395,-1.4582117,-0.5927726,-1.4175442,0.9590967,0.51934946,-1.9813726,0.4098138,-0.18672019,-0.1210411,-0.6208664,0.95486265,0.7300792,-1.1950351,0.75391185,0.3635257,0.2866718,1.0656606,-0.79720765
-0.6734117,1.3500378,-0.79957867,0.84700227,1.4196416,0.4606773,-0.06367057,0.5530404,0.54791135,-0.03781521,1.0624479,0.24186227,-0.37577635,0.23392573,-0.3490033,1.2507051,1.3874875,-0.84958273,-0.74286866,-0.11107919,1.2893047,0.46234488,0.32139498,-0.49954534,0.990972,-1.295663,0.78446674,-0.8025438,-0.61809427,-1.7370971,-0.4617969,0.33231768,-0.8448988,-0.19472106,-0.56560284,1.2403573,0.9967036,0.43930382,0.63989294,0.3204505,0.15014197,-0.12984467,0.6811521,1.1524225,-0.70231485,0.4488689,0.6751082,0.8144528,0.6568359,-0.1520332
0.7715442,1.3085977,1.245424,0.9292004,1.027841,0.43947315,0.7286799,0.29484317,0.90932614,0.1096197,0.61901796,0.91563094,0.3836571,1.0394584,1.2269413,1.1684432,0.7824189,0.6396954,-0.24058683,0.16595346,1.0587758,0.8843449,0.15691797,0.56314826,1.1048434,-0.0055246986,0.49483237,0.53498274,1.2624205,-0.32291445,0.5598825,1.0350765,0.70206213,0.3015341,-0.7419612,1.0060673,1.0564613,1.2067928,0.6919912,1.0671537,0.15327235,0.5530125,0.76592505,1.3869752,0.7276075,0.56406385,0.7234506,0.43949223,0.8290515,1.1745459
-0.5533863,0.8030279,0.019628413,0.28724143,1.0392389,-0.13958216,0.47528413,-0.7838403,0.36773023,0.078636505,0.13962574,0.71634245,-0.8013376,-0.108675316,0.31544903,0.36736026,-0.45607457,-0.15388879,-0.54463094,0.20090991,0.9616146,0.8141965,-0.19645336,-0.16209997,0.70881206,-0.7328949,0.14440724,-0.53425133,-0.12697445,-1.3297352,-0.6204953,0.6149879,-0.5816615,-0.06925857,0.13496478,0.6601004,0.7087142,-1.4644842,0.22813296,0.6381361,-0.22587961,0.04874505,0.80310446,1.0765574,-0.67474663,-0.07647976,0.4996148,0.1411629,0.7726533,-0.0923894
-1.0488027,0.830594,-0.63103735,0.8858736,1.3277427,-0.14424425,0.8640429,-1.0448296,0.1164208,0.14979196,0.36983487,0.5538594,-0.16875595,-0.21096657,-0.17668007,0.6519112,0.1878915,0.3515988,-0.3221653,0.67205125,1.2682146,0.8980937,-1.1174049,-0.119958356,0.8555071,-1.2739035,0.41121584,-0.0865864,-0.8082197,-1.5204763,-0.57898164,0.6296106,-0.13490422,-0.113480836,0.48454115,0.26226875,0.9848228,-1.20832,0.6938732,0.027826661,-0.10222987,0.19983073,0.9983384,1.4686557,-1.3979688,-0.7200244,0.5404492,0.33090785,0.5646863,-0.20172441
-0.92011774,0.29129535,-0.33978745,0.54600734,0.6808969,-0.52903605,0.00025226056,-1.1607356,0.22598393,-0.6180925,0.12440244,-0.17346546,0.54253834,-0.20171262,-0.78280264,0.34095216,0.15297006,-0.35455737,-1.32955,-0.1870963,0.7887483,0.43465656,-1.475562,-0.3371642,0.47485843,-0.86904967,-0.0013030766,0.6314956,0.18425868,-1.0542881,-0.45105582,-0.24656615,0.02324761,-0.26558912,-0.16800717,-0.17547384,0.90905976,0.64262503,0.30441967,-1.0249444,-0.32625443,-0.6957563,0.07653744,1.0648736,-1.2959923,-1.4433295,0.09502488,0.45777115,0.30093434,-0.34931833
-0.119460106,0.72676593,1.1810051,0.8417398,0.4738743,-0.38872367,0.40384394,-0.3623067,1.0756325,-0.27782393,-0.89839554,-0.12143728,1.2773167,-0.008609685,0.6786284,0.4335311,-0.24947405,-0.4738008,-0.22903706,-0.2585089,0.75614995,0.36842647,-0.66141564,0.564554,0.55000234,0.45227414,0.10764291,0.7591461,1.9870119,0.20642388,0.15610814,0.12826174,1.5712296,-0.11371076,0.73764753,-0.08313514,0.74032855,0.5309391,0.5438449,-0.505877,0.26773384,-1.0731107,0.29092368,0.72689265,-0.36298594,-0.44012678,0.16535503,0.70731354,0.65592736,0.28798
-1.0756806,1.3996445,-0.040299043,1.27872,1.2753079,0.19813927,0.92017084,-0.12850527,0.87430423,1.0336157,0.08670664,0.14195059,0.3205477,0.08636042,0.4158517,0.85157305,-0.048606448,-0.07589389,0.08745293,0.6573928,1.3774446,0.9092592,-0.06814009,0.27921557,1.34703,0.15965895,0.58595985,0.84883237,0.7233209,-1.0047877,-0.008116242,-0.111654565,0.46285784,0.07518553,0.97422415,0.4329784,1.2072588,-1.0873396,1.3544472,-0.7639522,0.50480163,-0.630834,1.0673347,1.2415382,-1.2794466,0.34183824,0.8499631,1.2999389,0.76163715,-0.66608196
-1.4572128,1.0680323,-0.68250304,1.5351614,1.4040357,0.30132332,0.3204466,-1.1434946,0.84103656,0.2503934,0.6612839,0.010982453,-0.22081964,0.38576663,-1.2705098,1.0076957,0.6949458,-0.85108346,-0.2535637,0.17693675,1.5660129,0.8862347,-0.6580984,-0.15141618,1.3327488,-0.80352867,0.894994,0.38152352,-0.781913,-2.0647552,0.059887506,-0.012568537,0.27143157,0.20100568,1.1439222,0.65574765,1.2124654,-0.11825313,1.2973872,-1.5032992,0.71334827,-0.6764075,0.5779211,1.1183006,-1.3361477,-0.18144138,1.0578891,1.5206125,0.82600784,-0.6922164
0.5704997,1.6537197,0.93543905,2.1273687,1.160511,0.7437735,1.1324481,0.66671276,1.5922856,1.0425998,0.6196168,0.8458208,1.9913962,1.4849657,0.7338368,1.5552607,1.7629623,1.1359214,1.2595214,0.44909027,1.4587821,1.5106006,0.3818673,0.9587297,1.6721061,0.7436051,1.0376589,1.9595137,0.7118117,-0.24285543,0.82830566,0.5225169,1.0561955,0.6524254,0.9301561,0.94495577,1.2810292,2.5444932,2.0324514,-0.67983806,0.6152632,-0.39617014,1.2811223,1.1248063,0.059213668,0.98044336,1.3297098,0.9173109,1.2823496,0.5954116
-1.0540446,1.3455143,-0.27385482,1.6754082,1.0938798,0.4229873,0.613195,-0.3255909,1.28452,0.1284419,0.13076912,1.103746,2.281592,1.0828583,-0.07471675,0.9055934,0.64054483,-0.66143453,1.2213209,0.08199456,1.2026522,1.1051407,0.25959036,0.15732038,1.5434479,0.38903087,1.4458147,0.19852877,1.6942383,-0.04298212,0.4721926,0.4469664,0.5750904,0.37350065,0.74731004,1.061397,0.90837413,0.99319535,1.0622181,-0.5993005,0.110925354,-0.8322105,0.7482331,0.7957741,-0.6895619,0.58000106,1.1296749,0.784085,1.3580545,0.47772312
-0.35452592,2.6728737,-0.63939995,2.3068423,2.375622,1.4375278,1.8939723,0.031271245,1.5562749,1.8128755,1.6405867,1.7392958,1.3941989,1.8181078,0.6247855,1.9485912,1.8226647,0.42727828,1.7528753,1.4097067,2.2335596,1.3737019,1.2345157,0.33672684,2.540053,0.4099181,1.7115399,1.3966324,0.028735537,-1.1998206,0.90166265,1.582626,0.6513258,1.2069283,1.0878451,1.7460545,1.4384688,0.14674734,2.5431895,-0.01795923,0.4489187,0.28468814,1.9107068,1.7112541,-0.36146885,0.70887774,2.2090921,1.3058378,1.8005863,0.8457055
1.2409564,2.566769,0.85221064,2.2193494,2.3061106,2.105837,2.0381896,1.0681783,1.9686278,1.7255623,1.953216,2.2347476,1.9302175,2.274626,1.4196832,2.1428618,2.778982,2.0914125,1.6193562,1.0712943,2.221442,1.769262,1.3645964,1.0857168,2.4972088,1.4974357,1.4720958,2.3121285,1.772523,-0.15259942,1.6864514,2.3941495,1.5257031,1.6973075,1.089398,1.9615476,1.3661126,2.0078378,2.494064,0.59864104,0.8481572,1.0181292,1.8155677,2.3046591,1.2143543,0.743604,2.3066707,1.5910429,1.8520557,2.196653
0.22828212,1.5049298,0.4096408,1.5253143,1.8824855,1.8414735,1.5801854,0.8796085,1.7863415,0.8045382,1.0918229,2.5303953,1.7552265,1.5853535,1.3731885,1.3572408,0.6114796,0.7956423,0.96427226,0.95901114,1.699137,2.047463,1.0297691,1.0272996,1.7488389,1.3157022,1.3782743,1.2720469,2.46453,0.40539366,1.3208061,2.3242044,0.74489224,1.4301089,1.4578508,1.4363605,1.2131082,0.97255564,2.1137214,0.39190692,1.1040072,0.59621406,1.4750874,1.9499227,0.7362122,0.41390035,2.1453252,1.3929296,1.446411,1.6550615
-1.3419926,0.78690726,-0.6056271,0.79218197,1.9706872,1.6754915,1.4074122,-0.42655936,1.4078623,0.37039775,1.5146084,2.4523911,0.7783916,1.1957506,0.353035,0.8604396,-0.7029287,0.6198858,-0.034616094,0.5621127,1.7281024,1.9748353,0.27856952,0.32788616,1.5279568,0.94322115,1.227542,1.0521677,0.94834745,0.090514146,1.0561821,2.5019395,-0.5177044,1.370686,1.0806327,0.6126967,0.97346693,-0.80204856,1.8128304,-0.23856859,0.7442462,1.055814,1.4881828,2.0592725,0.2857332,0.16809517,2.1417243,1.2399582,0.988184,0.9941586
-1.1839116,0.21964791,-0.5612337,0.11167451,1.0453873,1.2280983,0.80549324,-1.2937082,1.0266081,-0.023399655,0.9600767,1.7734655,1.0333296,0.7657641,-0.2788385,0.34519386,-0.5670341,0.80117357,0.2545594,-0.3304495,1.0081837,1.9601328,0.04935126,0.09918432,0.7929473,0.5595696,1.025492,0.38096625,0.55875486,-0.02884836,1.0178113,1.7610575,-0.56718415,1.0458274,1.0336142,0.0069297333,0.82159805,0.10930778,1.1968693,-0.20785019,0.5071784,0.39800906,0.9714294,1.2319788,0.32273582,0.40172845,1.5952227,1.0531788,0.58081305,0.26552108
0.23056905,-0.36212307,0.49500328,-0.022276789,0.010887323,1.0089515,1.2092363,-0.3250674,0.9509187,0.7668938,-0.5146296,0.893666,1.9217354,1.0311123,0.66302174,0.3346306,0.9497213,0.5755501,1.100347,-0.6080947,-0.09172399,1.8536966,0.21328446,0.9188685,0.43336856,0.92635626,0.37552032,1.2374611,1.1158656,0.8524787,1.2480708,1.2914258,-0.4097915,1.0044153,1.5212611,0.25070477,0.5971159,1.8637304,1.2420382,-0.5724885,0.45309252,-0.85920817,1.0474641,-0.11025274,1.0000899,0.48381883,1.1407071,0.8010051,0.40855205,0.41815093
-1.668433,-0.87251985,-1.3992007,-0.9686529,-0.5487374,0.64078605,0.28321293,-0.83695954,0.30623454,-0.24786554,-0.7686665,0.14449088,1.0979898,0.17403863,-0.8605757,-0.27256468,-0.4591876,-1.6674787,0.09080502,-0.86979294,-0.78304297,0.9567645,-0.06525786,-0.7458973,-0.01355913,0.14914264,-0.34456858,0.02128089,0.13855834,-0.94318646,0.40522498,0.5244666,-1.4586829,0.3387053,0.17161335,-0.26952332,-0.15859668,0.24905156,0.118889205,-0.6390239,-0.4673821,-0.95664495,0.36700624,-0.79943854,-0.5671285,-0.6429109,0.5285487,0.032902066,-0.024303703,-0.37879416
-1.2690676,-0.40031478,-1.1887474,-0.7433668,-0.38422242,1.0500118,0.2051383,-0.68158054,0.40463403,0.10644281,-0.56127656,-0.29010865,-0.05320307,0.118544236,-0.9948577,-0.022686357,-0.5925856,-1.1380652,0.54293835,-0.13000426,-1.0342233,0.5932447,0.2408559,-0.53368974,-0.101973325,-0.2409544,-0.44032276,0.21733674,0.49616444,-0.71872425,0.18584467,0.7936979,-1.1099426,0.4763794,0.0029160122,0.058426313,-0.15658261,-0.37075192,-0.052932322,-0.54194766,-0.12843226,-0.7292835,0.32767218,-0.8117331,-0.530837,-0.21791978,0.18509549,0.05401719,-0.14891128,-0.0521734
-0.19261625,0.058987685,-0.26829633,-0.44382468,-0.983638,1.5897762,-0.044095147,0.8321781,0.42313376,1.4520084,-0.1682758,-0.6754495,0.55997735,0.93169093,-0.13402195,0.12911247,0.57178074,0.11011045,2.2185497,0.12635021,-1.7116203,0.31414208,1.3672882,0.022617148,-0.17097864,0.47422755,-0.47587186,1.2091098,1.0602255,-0.24830887,0.59663016,0.4570282,0.13545398,0.8810221,0.8598785,1.1054224,-0.29951674,0.12204944,-0.45643702,-0.007914237,0.18089499,-0.6394423,-0.29245585,-1.1998217,0.41911802,0.7267907,-0.7596116,0.008778198,-0.31999117,0.6685164
0.22278321,-0.27629796,-0.060920045,-0.4354628,-1.4248503,1.366529,0.10413316,1.1349788,0.26741698,1.9462023,-0.97627705,-0.4375027,0.70876235,0.9849597,0.3923117,-0.18622516,0.66233605,0.3649767,2.8122008,0.3131508,-2.2743015,0.41506493,1.577201,0.58645266,-0.46241868,0.7617057,-0.49298754,1.5406877,0.70781344,0.46202552,0.850893,0.25415602,0.32222027,1.1478375,1.828633,0.984152,-0.6815779,0.6799773,-0.5963708,0.17467128,0.7607966,-1.1559427,-0.42810214,-1.7331082,0.83024764,0.7782184,-1.372434,-0.018915182,-0.381182,0.57543486
0.18439357,-0.6162589,-0.64270025,-0.2624464,-0.74287087,1.6262585,0.5893059,1.174661,0.16844335,2.3950658,0.62661386,-0.15879671,-1.8620125,0.49110347,0.03732586,-0.0149691645,1.1612841,0.3560581,2.4707527,0.8946321,-1.9010175,0.2701043,2.0482812,0.59660536,-0.23433281,0.6959424,-0.6450961,1.3154794,-0.6362922,0.3126207,0.60364115,0.56227666,-0.52458966,1.566659,1.6188353,1.3401455,-0.6809137,0.7245295,-0.68831265,0.9649789,0.7438404,0.5448572,-0.30921414,-1.5087259,0.6221465,1.0820125,-0.8261367,0.03885485,-0.47485346,0.1490498
0.7050947,-0.9126546,-0.08819138,-0.3041266,-0.7772078,1.6403291,0.42836365,1.0562073,0.38332742,1.6616147,0.5513483,-0.06557002,-0.37590295,0.92196846,0.55169445,0.21173021,1.5715263,1.954246,2.0887146,0.96027845,-1.8124387,0.122889735,2.534697,1.1710935,-0.6122552,0.49683517,-0.3664427,2.0206397,-0.67164177,1.3580672,1.2107706,0.13567753,-0.28957415,1.7226759,1.3819654,1.3229077,-0.5919843,2.616165,-0.96452314,1.5506577,1.373857,0.91080487,-0.6650881,-1.2338641,1.3360765,0.9383543,-0.9925643,0.31641412,-0.3901085,0.34089327
1.7672592,-0.65138435,1.3514076,-0.296927,-1.2075124,1.1934415,0.7126361,2.368343,0.4564014,1.9801916,-0.23575634,-0.10109586,0.6156807,1.1163892,1.5191106,0.12727895,0.63068175,2.7236042,1.4878947,0.6313497,-2.1897945,0.2477213,1.9840839,2.067501,-0.7328791,1.7276073,-0.71265113,2.6338847,0.5694419,2.728945,1.2505574,0.08749234,0.6189415,1.7872338,1.5168612,0.48308903,-0.73267937,2.5602458,-0.8216807,2.319328,1.3397707,0.6695049,-0.604471,-1.4117767,2.527224,0.7921611,-1.4353328,0.12137422,-0.6566315,0.86878496
0.1761709,-1.1065277,0.2354417,-1.0330942,-1.5835234,0.30764246,0.18624398,1.0863268,-0.47483736,1.1596664,-1.434363,-0.19755045,0.6416651,0.18106695,0.98516864,-0.94935155,-0.54613674,1.5818087,1.2117624,0.1452119,-2.4111073,-0.36267036,1.1802157,1.0230198,-1.0943174,1.7253295,-1.1091964,1.1014515,0.89539784,2.4289093,0.13317545,-0.5263467,0.51725936,0.954777,0.42218333,-0.08148933,-1.6343578,0.59685105,-1.2532235,2.6850064,0.66503036,0.24921541,-0.96417546,-1.9556053,1.5967778,0.48851612,-1.9198804,-0.7949014,-1.07888,0.043414187
-1.3240825,-0.2811554,-1.3742868,-1.4436327,-0.040852994,0.2273476,0.019297933,-0.097059526,-0.9400102,0.106989376,-0.31615934,0.2726513,-0.07038883,-0.25943264,-0.49479526,-1.2621989,-0.4569684,0.5022717,0.3489156,0.4177034,-0.75107855,-0.94721144,-0.08013122,-0.16784798,0.14577419,0.8372584,-1.5312175,0.07578923,0.34673217,0.6435701,0.17852278,0.028653478,-0.74808615,0.5363898,0.88933194,-0.8623187,-1.916423,0.8859821,-0.45419142,2.041163,-0.3755868,1.7714522,-0.45434082,-0.477576,0.317829,0.23113552,-0.9296911,-1.322758,-1.6596022,-0.12475314
-0.26644048,1.3586293,-0.4845563,-0.12775254,0.8598943,1.5201536,0.81220335,1.4735528,-0.19144045,1.0349821,1.7010702,0.82068527,0.8308667,0.2825968,1.5080558,-0.8650097,0.03260978,1.6194984,0.8471484,1.327015,0.4325803,-0.4781569,1.0527997,0.4111385,1.1888703,1.0772194,-0.63568175,1.6747469,1.3009089,1.6387094,0.8292727,0.76789933,0.033274453,0.5386891,0.46328357,0.08924197,-1.204602,0.48763052,0.72505516,2.1676638,0.17359078,2.3944507,0.22702676,0.5257186,1.2752984,0.8138207,-0.07372664,-0.818637,-0.9897739,0.9291209
0.03278793,1.5276687,-0.013772149,0.5607294,0.7785968,1.5534624,0.9614407,1.0672709,0.33953407,1.4498563,1.819894,1.3275589,-0.30443802,0.7355424,1.2738913,-0.46869633,0.9313821,1.8520252,0.5095502,0.84556633,0.36279982,-0.23424989,0.99194676,0.37440127,1.4600528,1.1265055,0.24923903,1.0327675,0.76154774,1.9351957,0.9991267,0.8027152,0.32093745,0.48378807,0.95843625,0.8827397,-0.9155626,0.94081056,0.50094295,2.4514856,0.1762574,2.7440078,-0.17292146,0.7433562,1.7821227,0.9135818,-0.13312677,-0.105036415,-0.4885044,0.7013814
0.5328553,0.8472004,0.70773953,0.4489903,0.30190364,1.0275438,1.1761397,1.3651155,0.51001877,0.6208936,0.91894543,1.7686524,0.4202441,0.75627595,1.4026461,-0.38996452,0.07400385,1.5055717,-0.41443065,0.47606272,0.0153848585,0.30687758,0.45218262,0.5010136,1.3269712,1.3731784,0.11125932,0.7765261,1.2380569,2.7052598,0.67934674,1.0241095,0.5050596,0.32018355,0.56593066,0.45212176,-0.6554058,0.8596915,0.61330914,1.9728265,-0.20721331,2.4234207,-0.34459803,0.528374,1.8932966,0.2709132,-0.4132982,-0.15823402,-0.46674463,0.9868553
-1.0604943,0.3591175,-0.9004752,-0.2465298,0.19932176,0.5358045,0.924535,0.2621061,-0.19057925,-0.044339783,0.8341929,1.7925464,-1.1706891,-0.22912306,-0.025100665,-1.0217345,-0.43012238,0.18711916,-0.92434597,0.1804852,-0.39734873,0.17101924,-0.14783625,-0.8911281,0.99413157,0.31757325,-0.56890273,-0.3276421,-0.037367407,0.81543404,-0.5548401,1.0318735,-1.1373266,-0.31882957,-0.54579467,0.38278115,-1.0687706,-1.1171429,-0.33816803,1.53488,-0.9791401,2.428724,-0.5411966,0.2627531,0.6788475,-0.1166116,-0.5684127,-0.70842427,-0.73501664,-0.3346401
-0.23740415,-0.017031442,-0.71094066,-1.0796494,0.06746872,0.5604912,0.52757776,-0.23097445,-0.629055,-1.3165978,1.1435127,0.9673153,-1.3792286,-0.48299164,-0.5189205,-1.1965207,-0.4095024,0.2076148,-1.3928082,0.25831878,-0.94635165,-0.40202698,-0.09981734,-0.99565434,0.3642188,-0.40347263,-1.061495,-0.3528239,-0.8423735,0.5459891,-0.39956087,0.70011276,-1.1867278,-0.7531837,-0.52201796,-0.13913605,-1.2261353,-0.43062028,-1.0781298,1.1473868,-1.0535735,2.0674138,-1.1474391,-0.1586609,0.13940576,-0.99639916,-0.9418214,-1.0379733,-1.4062077,-0.4293446
1.2108922,0.5861427,0.69401705,-1.5223118,-0.8538276,0.15977523,0.18957381,1.4432937,-0.90183055,-1.1413225,0.21016353,0.17359915,0.08830254,-0.18030556,0.5871995,-1.7053628,-0.2800804,1.7398995,0.049086485,0.033710286,-1.6101924,-0.8108503,-0.040813357,-0.3685908,-0.05578923,-0.16031319,-1.7058884,-0.293126,1.67122,1.5171849,-0.26334614,0.12039335,0.5234378,-0.99289346,-0.08749762,-0.47360396,-1.53118,0.86556053,-1.6648124,1.469207,-1.0394578,1.3502033,-1.8791534,-0.77296406,0.618093,0.17871995,-1.1835334,-1.6498266,-1.6001148,0.42196968
1.2162627,-0.3417521,0.7841936,-2.1732783,-1.7556778,-0.8641456,-0.5464973,2.0844939,-1.5164685,-0.82691306,-0.7478645,-0.47117588,0.26047665,-0.59620607,0.3612285,-2.3039925,-0.97339267,0.39704937,-0.4684291,-0.18477291,-2.3690732,-1.1822416,-0.43352976,-0.348504,-0.88296837,-0.14887609,-2.219447,-0.94938546,1.6004087,1.2541937,-0.45174658,-0.89414173,0.55522,-1.5230242,0.4204579,-1.0654031,-1.987665,0.671621,-1.8766915,0.9050894,-1.2151935,0.10809728,-2.126386,-1.6761496,0.23095226,0.24095878,-1.667034,-2.0446405,-1.760065,0.5686805
-0.49487677,-0.76347005,-0.70128775,-2.6346338,-1.4827595,-1.6795356,-0.8212091,0.63244003,-2.475489,-2.3574727,-0.91301996,-0.668478,-0.85235685,-1.8231741,-0.9938823,-2.5435264,-2.154588,-1.3715354,-1.5842422,-0.2601775,-1.9930341,-1.9230301,-0.8532738,-1.4648039,-1.0207082,-1.0956835,-2.8317904,-2.0721874,-0.035536405,0.69371593,-1.3368315,-0.9098437,-1.3671323,-2.24246,-1.0618597,-1.601548,-2.4720256,-0.30531996,-1.7780555,1.0670522,-2.0788577,0.41479933,-2.1091726,-1.7286205,-1.5261387,-0.7560555,-1.9731004,-2.8067586,-2.2312162,-0.40175426
-0.88846046,-0.56829154,-0.93586093,-2.119362,-0.80386436,-1.6652124,-1.1029084,-1.7096926,-2.0530567,-1.9963664,-0.16761392,-0.77685094,-2.1404662,-2.2660165,-1.4494659,-2.4242659,-2.475107,-1.4347374,-1.0256387,-0.45063215,-1.5100567,-2.2691083,-1.131653,-1.6983792,-0.6884824,-1.5806453,-2.294425,-2.144459,-1.4225025,0.25960296,-1.4498371,-0.3687699,-0.6769034,-2.0613813,-1.6907866,-1.4597917,-2.300091,-1.6936597,-1.6873113,0.56386405,-1.7744578,0.74663347,-1.911018,-1.5835553,-1.5803981,0.14828089,-1.5615643,-2.7503905,-1.7492987,-0.7370388
1.4756625,-0.5757902,0.60515565,-1.7632563,-1.3469028,-1.5132729,-1.2059064,0.1474565,-1.8215549,-1.1343538,-0.9340111,-1.2883277,-1.1123904,-1.4145069,-0.69911206,-1.8344753,-0.69509995,0.27887785,-0.02761322,-0.77563226,-1.8612509,-2.3376443,-0.66970885,-0.7238737,-0.85236555,-0.65218097,-2.1911306,-0.6385312,-0.39949495,0.69445807,-1.1587576,-0.69496,0.4779112,-1.6594721,-1.7423259,-1.4038773,-2.2551603,-0.21015021,-1.7206533,1.0144682,-1.5303756,0.22403002,-2.0775473,-1.7613618,-0.15865375,0.97252136,-1.5897322,-2.6115892,-1.7506615,0.013604226
0.17588824,-0.5169847,0.2704056,-2.073517,-1.9129823,-1.9441239,-1.3845321,1.2086896,-1.8637853,-1.7051517,-1.4899611,-1.411312,0.26519245,-1.9915608,-0.5866793,-2.18714,-1.7584623,-0.7231787,-1.2273281,-0.628625,-2.0599375,-2.1808074,-0.6315874,-0.8542347,-1.3642001,-0.55666184,-1.9306617,-1.0436344,0.71928525,0.5581867,-0.6133807,-0.7728432,-0.12218086,-1.8412663,-1.3648144,-1.6796157,-2.3600094,0.068050094,-1.6330957,0.5972459,-1.506637,-0.7197957,-2.0320368,-2.0080762,-0.73407876,0.61791474,-2.0317345,-2.3824286,-1.7508432,-0.19835916
-1.2035432,-0.6550882,-0.99586284,-2.3811626,-1.6670473,-2.066209,-1.416998,-0.62699544,-2.5740478,-1.6177189,-1.2515887,-1.4197541,-2.0535245,-2.525127,-1.9119425,-2.1902597,-2.4561205,-1.4795877,-1.4725945,-0.6363556,-2.1191607,-1.9983798,-1.798398,-1.8333323,-1.4474145,-0.7028725,-2.5205162,-1.6828274,-0.44157067,-0.5919077,-1.3959246,-0.58065945,-0.027279291,-1.6273336,-1.3065115,-1.8579481,-2.54045,-1.8447707,-1.3469405,0.3158846,-1.9605701,-0.15772182,-1.6011815,-2.0110502,-1.7699387,0.7535018,-2.097289,-2.6768973,-1.8242313,-1.0732303
-0.47652993,-1.0619605,-0.6283574,-2.0981183,-1.8940674,-1.9153368,-1.566967,0.7148411,-2.0368855,-1.7260406,-1.1289829,-1.6488386,-0.921543,-2.2222066,-1.115549,-2.061503,-1.6908386,-0.41758788,-0.85783523,-0.54135,-2.2119818,-1.9191812,-0.6763434,-1.3847692,-1.7642215,-0.69819593,-2.1520677,-1.3638577,-0.4730714,0.24782483,-0.89219946,-0.4407692,-0.48442996,-1.4856231,-1.9273114,-1.4996592,-2.390874,0.054064807,-1.2674243,1.4773242,-1.5728675,-0.07480993,-1.7395809,-2.1899188,-1.2548652,0.6183807,-2.2583284,-2.3702643,-1.9723248,-0.761407
0.2433656,-0.6755198,0.23529282,-1.5709656,-1.9573282,-1.6744242,-1.5305153,-0.17607526,-1.787458,-0.55055803,-1.7316428,-1.5486213,-1.1823045,-1.7556144,-0.6626966,-1.7949314,-1.7587705,-0.21211697,-0.27175125,-0.661596,-2.2258794,-1.9399344,-1.1994667,-0.7556127,-1.6085533,0.22210258,-2.0457864,-0.4177463,-0.339595,1.0991741,-0.65986776,-0.32911462,0.45822403,-1.1107684,-1.8791541,-1.3559105,-2.345011,-0.81020844,-1.2800212,0.7420612,-1.1633683,-0.6171886,-1.6821958,-2.2871335,-0.30806276,0.9609459,-1.9781569,-2.2698543,-1.426332,-0.024272803
-1.0057878,-1.0836673,-1.0372537,-1.8333474,-1.735374,-1.6208382,-1.471007,-0.5067268,-1.9787707,-0.9602399,-1.3926643,-1.3466206,-1.3652078,-2.0316515,-1.4204636,-1.9065571,-1.3537374,-1.34851,-1.6369463,-0.53680885,-1.9634347,-1.9615719,-1.3319402,-1.4511837,-1.8137457,-0.11255362,-1.9025211,-1.1219661,-0.62582934,-0.14230566,-0.90052295,-0.45574003,-1.1061727,-1.1469945,-2.2523692,-1.7483068,-2.4457998,-0.49031413,-1.2427654,0.87373686,-1.2929311,-0.12176935,-1.469629,-2.1671884,-0.91425616,0.70477694,-1.9388547,-2.4028645,-1.9868617,-0.5569856
-1.1504812,-1.456841,-1.4758036,-1.7807871,-1.2966332,-1.2163026,-1.2898335,-0.9203728,-1.985437,-1.5984185,-0.85275716,-1.1165048,-1.8476752,-2.130985,-1.24749,-1.771862,-1.7684178,-1.1058639,-1.9624969,-0.75387686,-1.5230767,-1.7007433,-1.2217633,-1.4862341,-1.8808733,-0.3237522,-1.8911887,-1.0693038,-1.508298,0.48041877,-1.3720248,-0.25666276,-1.6139811,-1.2360777,-2.5473006,-1.5674623,-2.1718233,-1.5364616,-1.4249381,0.3810756,-1.541361,0.2158481,-1.2516996,-1.3686794,-0.743205,-0.04786742,-1.987759,-2.3624568,-1.8182349,-0.67436385
-0.35367796,-1.9214867,-1.6044925,-1.6074156,-1.6696006,-0.95424205,-1.4422493,-0.9154169,-2.233174,-1.1794109,-0.5250306,-1.0361706,-2.1892066,-1.9643846,-1.4110346,-1.7566739,-0.8514913,-0.57499266,-0.6645427,-1.422253,-1.6255041,-1.4932975,-0.94088244,-1.5660188,-2.093685,-0.8367253,-1.9331508,-1.7893014,-2.1250844,0.64389277,-1.6482879,-1.1182517,-2.0255527,-1.2433331,-1.8713379,-1.0128455,-2.0960174,-1.3242168,-1.9689754,0.99940073,-1.666257,-0.055221293,-1.4189233,-1.0202096,-0.316146,0.27126735,-1.9001911,-2.4000714,-1.463787,-1.3677498
1.1223956,-2.0267112,-0.41904554,-1.9747566,-2.2928336,-1.5983421,-1.8464717,-0.50379515,-2.0010982,-1.7748382,-1.9502848,-0.98148745,-0.6999954,-1.4995495,-0.80634266,-1.765431,-0.9176663,-0.17198326,-1.0580975,-1.9600967,-1.6636859,-1.9520015,-0.89797544,-0.98647004,-2.4697475,-0.34723216,-2.3410723,-1.875853,-1.1326435,1.5938234,-1.7920316,-1.5142475,-1.598666,-1.6336949,-2.313433,-1.3809226,-1.9705133,0.54258984,-2.5206478,0.6657852,-2.0964224,-0.7201422,-2.2702436,-1.0270075,0.27805296,-1.0185807,-2.1026266,-2.3531609,-1.3841753,-0.79109764
-0.179203,-1.9168417,-1.6348906,-2.144835,-1.8248011,-1.8911276,-1.678895,-1.2917538,-2.2910018,-2.1788325,-1.9632388,-0.7179468,-1.2711451,-1.658565,-1.2061975,-2.0660732,-1.5745468,-1.1407237,-0.60636246,-1.6206282,-1.4518577,-2.3027608,-0.75438094,-1.7576085,-2.1067023,-0.9466135,-2.4211602,-2.6956027,-1.0205786,0.48997033,-2.0027776,-1.4609444,-2.294733,-1.6606983,-1.9152851,-1.0574772,-2.1755514,-1.0516019,-2.583033,0.6569324,-2.481893,-0.5740136,-2.0661278,-0.90870875,-0.76525015,-1.2310762,-1.5967805,-2.4215317,-1.4138168,-1.2753127
-0.01107492,-1.2849783,-1.6790359,-1.7954123,-1.205245,-1.3914965,-1.5291531,-1.8197702,-2.1738155,-2.2943618,-0.9417016,-0.9948192,-1.6154616,-1.6648905,-1.1784308,-1.6672146,-1.7710068,-1.1718102,-0.8727371,-0.87824166,-0.8812525,-2.430869,-0.6987486,-1.5608019,-1.5998148,-0.8369192,-2.4861531,-1.8651603,-1.4998157,0.20968305,-1.2578102,-1.048968,-2.4242966,-1.5118601,-2.1831613,-1.3416613,-2.0071843,-0.8466444,-1.9031041,0.27154458,-2.051032,-0.41240072,-1.7888502,-0.5355967,-1.0033611,-1.5487758,-1.0411621,-2.201203,-1.530043,-1.1019423
-0.22810225,-1.2804548,-1.3803663,-1.2485334,-0.9055066,-1.0750073,-1.1721792,-0.77057797,-1.9681494,-1.458755,-0.7683198,-1.0753063,-2.3957205,-1.5539896,-0.762514,-1.4991331,-1.5170636,-0.86000204,0.0057085026,-0.5438212,-0.91211975,-2.1278234,-0.48687807,-0.8618258,-1.2709472,-0.58888924,-1.8820525,-1.3390243,-1.196355,0.53759915,-0.6796576,-1.240734,-1.7360573,-1.144874,-2.1376266,-0.5141429,-1.6606799,-1.6050789,-1.3012582,0.55288047,-1.4481744,-0.5740403,-1.3222998,-0.98584855,-0.51393574,-0.2632149,-0.93921655,-1.8582819,-1.0863982,-1.0417973
1.1641,-2.150637,-0.48214927,-1.219057,-1.7396635,-1.2649177,-1.4618752,0.270238,-1.8083818,-1.1567628,-1.7578346,-1.387399,-1.424994,-0.71044546,-0.9192306,-1.3352659,-0.8209466,-0.48053265,-0.058014315,-1.1965884,-1.5285869,-2.020416,-0.5041714,-0.23329401,-1.5115271,-0.20022187,-1.8000027,-1.2402823,-1.3936923,0.3769648,-0.4848332,-1.4191306,-0.9236475,-0.7551764,-2.191944,-1.0215076,-1.7190448,0.35146487,-1.57024,0.16660483,-1.0447041,-0.7451943,-1.7851155,-1.3477547,0.049423736,-0.18295123,-1.136902,-1.8164506,-0.95329565,-0.5351473
-0.13922024,-2.0094368,-1.0109005,-1.5449115,-1.9138811,-1.7138835,-1.5942615,-1.69301,-1.7903286,-1.3609376,-2.4372098,-1.2059879,-1.4483198,-1.2357534,-1.063787,-1.5946676,-1.2187058,-1.8906153,-0.194952,-1.0824888,-1.461586,-2.0754113,-0.4820653,-0.71409583,-1.8872106,-0.20237844,-1.5004708,-1.8008996,-1.4663345,0.44456807,-0.9942914,-1.5524755,-1.8785274,-1.0801884,-2.567212,-0.7859617,-1.7014861,-0.54926616,-1.6966146,0.32735008,-1.1324995,-1.226595,-1.4517695,-1.4691336,-0.60375184,-0.21473235,-1.2782519,-1.9586165,-0.88033915,-1.0936127
0.18642354,-1.2355233,-1.1289191,-0.99096197,-1.1342629,-1.1822637,-1.0590403,-2.0536764,-1.426394,-0.96481735,-1.1137595,-0.8440063,-1.492661,-1.1450589,-1.3707174,-0.93328774,-0.68868893,-0.9605507,-0.6853522,-0.371658,-0.4590832,-1.7775147,-1.0330049,-0.93754953,-1.3857033,-0.82405245,-1.3083475,-1.5665661,-2.3408813,-0.2818685,-0.9026988,-0.908277,-2.185485,-1.1662825,-2.8386085,-0.9295154,-1.3059692,-0.98302823,-0.9138578,-0.29315653,-1.0221248,-0.41136134,-0.72125226,-0.4660515,-1.0803057,-0.3582414,-0.21282916,-1.7554562,-0.8300282,-0.5858648
-0.10293766,-0.2215909,-0.5955276,-0.3917809,-0.7786989,-0.61744744,-0.875773,-0.6023205,-0.62057066,-1.3567189,-0.6786189,-0.7903355,-0.38821465,-0.9793956,-0.62654126,-0.35274687,-0.87812155,-1.2418298,-1.4276234,-0.16973424,-0.06773239,-0.98323923,-0.47363615,-0.69566476,-1.1232773,-1.113881,-0.29188916,-1.7196771,-0.49437082,0.057180416,-0.19530787,-0.4296629,-1.4673222,-1.3900509,-2.057307,-0.5555264,-0.49493435,-0.7249877,-0.4038469,-0.22558112,-0.56558305,-0.39036018,-0.331359,-0.24435107,-1.1074947,-0.16453494,0.19147985,-1.025906,-0.40332788,-0.51669806
0.38309973,-0.49797994,-0.05632933,-0.41702795,-1.0055965,-1.1014072,-1.2467474,-0.8084106,-0.81446713,-0.9513241,-0.6183246,-0.63745975,-1.5434587,-0.71258324,-1.5899906,-0.4506348,-1.0019339,-0.80181676,-0.8546491,-1.2128943,-0.28921583,-1.3717254,-1.4164492,-0.8142173,-1.0848749,-1.0594579,-0.26956117,-1.7707721,-1.2463899,-0.9670977,-0.8859828,-1.1123677,-0.5704828,-1.6237825,-2.0431755,-0.5365779,-0.63464385,-1.5049565,-1.0589244,-0.8913917,-1.002328,-0.7805871,-0.7195764,-0.5896344,-0.75157267,0.5170539,-0.1940336,-1.239516,-0.23713145,-0.6435992
-0.15026945,-0.6830185,-0.049009,-0.6295291,-1.3695966,-1.4081228,-1.5207276,0.117302075,-0.7385863,-1.6676781,-2.0624897,-0.59297603,-0.2918731,-0.7018651,-1.2269413,-0.54578614,-1.078835,-2.2416995,-1.9198822,-1.2302353,-0.52128094,-1.2604866,-1.49552,-0.72452974,-1.6632593,-1.4470834,-0.44812658,-1.859309,-0.58891034,-0.08134979,-0.5865798,-1.2550433,-1.0093338,-1.6047499,-1.9117997,-0.9105886,-0.6687222,-0.09879154,-1.1513796,-0.66507494,-1.1202388,-1.4354872,-0.9886186,-0.9370686,-1.1064754,-0.57332796,-0.5875147,-1.0588944,-0.16824067,-0.5997793
-1.1430551,-0.21539766,-0.94082385,-0.25805563,-0.72659093,-1.0058622,-1.0430218,-1.906534,-0.8361884,-1.6710941,-1.2590901,-0.63665754,-0.55105215,-1.0779091,-1.2363054,-0.1005698,-1.4818956,-2.0819366,-2.1871529,-0.6614059,-0.1526295,-1.2885044,-1.5582219,-1.093964,-0.99393296,-1.5141066,-0.39925388,-1.7828579,-0.7256377,-1.0441557,-0.8842214,-0.895604,-1.7998573,-1.4521307,-2.427278,-0.6364527,-0.32596737,-1.0351949,-0.8382127,-0.6897308,-1.548781,-1.0703923,-0.44895422,-0.5306311,-1.9856727,-1.1664888,-0.26576832,-0.7281698,0.030572694,-0.8953251
-1.1411537,-0.06408801,-1.0352437,0.14625196,-0.5507188,-0.8349653,-1.008008,-1.6955228,-0.543414,-0.51270866,-0.8139897,-0.6503522,-1.0112381,-0.50469154,-2.0621562,0.37113675,-0.8190972,-1.0427476,-1.1722012,-0.60537,-0.20863429,-1.1699145,-1.9163244,-0.8593891,-0.70224017,-1.5281365,0.12235743,-1.8306789,-1.94389,-1.7044088,-0.3105585,-1.0531807,-0.8890117,-0.9903643,-1.9166999,-0.022435011,-0.036628075,-1.7642188,-0.83637345,-1.1348813,-1.0729353,-1.492654,-0.44945696,-0.4838693,-1.6067337,-0.9818413,-0.0029878824,-0.31807485,0.3406834,-1.2881292
-0.7378826,-0.06934013,-0.8157082,0.34845418,-0.6026021,-0.4108546,-1.1042706,-1.123287,-0.17577945,-1.1052152,-0.14863996,-0.5339764,-0.35504583,0.37598553,-2.11834,0.677991,-0.20259364,-1.4301496,-0.987936,-0.63341963,-0.18944588,-1.096836,-2.0260663,-0.75601876,-0.7852921,-1.121538,0.5043199,-1.8509499,-0.9678906,-1.7467778,-0.10150483,-0.63995093,-0.34978753,-0.55105394,-1.9741057,0.33180428,0.089004405,-0.091002546,-1.1261218,-1.0688025,-0.97763294,-0.9741015,-0.7643689,-0.22310777,-1.1941106,-1.0915189,0.12681901,-0.10630894,0.677937,-0.24592622
0.7792016,0.14329484,1.4666966,0.7567006,-1.0161774,-0.44045615,0.21545576,-0.25753406,0.6097898,0.28516835,-1.7580551,-0.52362424,1.8893894,0.4451266,0.520156,0.8522572,0.54810935,0.18810534,-0.23935884,-0.07413728,-0.6070314,-0.5185884,-0.7892395,0.24032281,-0.62895584,0.9873945,0.0145681035,0.22848223,1.7921783,0.38125655,0.13614564,0.12718245,1.7085423,-0.25572786,-1.1936325,0.26475912,-0.15462212,1.1126267,-0.41195247,-0.077138446,-1.1365284,-1.858495,0.022120925,-0.19288918,0.38190207,-0.12695678,-0.016727034,-0.44583324,0.97719055,0.9405532
-1.2570163,0.5093646,-0.38611645,0.12591228,-0.41586307,0.13416177,0.111827105,-0.73333865,0.2335114,-0.020086128,-0.90816617,0.38973382,0.67556185,0.1472139,-0.42391512,0.8958238,-0.41412568,-1.0617425,-0.5686266,-0.030288564,-0.16950165,-0.8642678,-1.1066647,-1.4398439,-0.49112576,-0.3031315,-0.15543215,-1.0046252,-0.03288332,-0.78255206,-0.7639283,0.2970492,0.65986043,-0.66044724,-1.0924693,0.53629637,-0.46852654,-1.5649995,-0.72815627,0.24544281,-2.112538,-1.6071209,0.5897716,0.0046469723,-0.67934525,-0.6920831,0.1951317,-0.5924744,1.4039817,-0.2770966
-0.9909099,0.8397928,-1.1273062,0.7567651,0.44280562,0.8140701,0.75912774,-0.15304065,0.62229306,0.86373764,0.67537254,0.95616096,-0.51569945,0.14156197,-0.15112421,1.5969937,1.2474627,0.25083572,0.08921195,0.38515478,0.28107235,-0.4537107,-0.16056155,-1.3656821,0.16632052,-1.0079182,0.7198254,-0.5791119,-1.0095179,-1.3853344,-0.50476116,0.82102835,-0.4324108,0.015532722,-0.6898698,1.5641057,0.20799476,-1.7213248,-0.18503857,0.84809166,-1.737328,-0.5587158,0.8427737,0.6237299,-0.3911468,-0.8030655,0.4274204,0.19374582,1.9266475,-0.8936544
-0.11221387,0.010959627,-0.5852791,0.45173454,-0.35574788,0.6264627,0.28386882,1.1883771,1.1251352,0.4515621,0.017870834,0.7958554,0.44515237,0.45745543,-0.064832546,1.2603654,1.7887912,1.5517513,0.33295172,-0.6226898,-0.36918783,-0.57044554,0.18742603,-0.93252003,-0.25789428,-0.730908,0.10519782,-0.16338569,-0.07432377,-0.2906456,-0.42957368,0.45751563,-0.20556334,0.4046938,-0.47020265,1.211209,0.04307736,0.55181885,-0.7861145,1.655496,-1.3144668,-1.3682728,0.1808218,0.13683341,0.429785,-0.82258147,0.20353353,0.27257705,1.954063,-0.6917868
-0.6691462,-0.0013054403,-0.89774555,0.021501943,-0.34710747,0.65362084,0.32541612,1.418863,1.2791934,0.14063706,0.32577237,1.0604465,1.0996989,-0.23108512,0.8885376,0.7821183,1.2028323,0.866691,0.22737762,-0.27568084,-0.6697168,-0.31388202,1.4734682,-0.7613607,-0.29268584,-0.30611193,0.29077643,-0.57789284,1.3059162,1.0701966,-0.43358,0.5293408,-1.2424121,0.3943472,-0.3072338,1.4280231,0.0628216,1.0917251,-1.1349759,2.1009002,-1.1152244,-0.9635476,0.67370665,-0.048434727,-0.038448587,-0.65525055,-0.36464933,0.3580836,2.2148395,-0.91690093
-0.32816198,1.1524609,-1.0885705,0.80154467,0.5719828,1.6383913,1.6115918,0.028304666,1.6042786,1.9289514,1.7928828,1.0347762,-0.723701,0.5444015,1.6606756,1.4050764,1.3766689,1.7103137,1.3519194,1.0139065,-0.24947365,0.37867308,2.1231103,-0.33294693,0.6182674,0.11609136,0.90509653,0.8341691,0.8209246,0.9733901,-0.3463045,1.2514572,-0.8746652,1.4084704,-0.43500343,2.3465593,0.8296115,-0.46210355,-0.1300745,2.6101255,-0.42807853,0.4816672,1.5685507,0.19533215,0.09133317,0.7283192,0.320444,1.0432359,2.7919729,-0.4366718
0.3585345,0.5387522,-0.6702198,0.84922993,0.12666471,1.8667499,1.278507,1.0051472,2.0138564,2.3386333,2.1938262,0.87282807,0.56507295,0.9969371,1.0795237,1.5857737,1.9301106,2.262281,1.6624022,1.0639017,-0.5847953,0.37530956,2.0832758,0.22976398,0.42278847,0.21803175,1.5465323,1.0055656,-0.26089925,0.9611925,0.28199625,1.280424,-0.7229012,1.7701427,0.41295218,2.3926203,1.0058633,-0.12911846,-0.27881968,2.1526217,0.2733859,0.4522176,0.9276424,-0.38933662,0.6682042,1.1641029,-0.18877287,1.3801074,2.7078867,0.2895552
2.0093915,0.6274614,1.1234103,0.5763554,-0.63981915,1.8976152,1.4890689,1.9361299,2.1485856,2.086737,1.2405574,0.84679484,1.7798183,1.4934583,2.1373281,1.3223492,2.5014598,3.14235,1.812018,1.2437321,-1.0239342,0.87480915,2.0960283,1.2841792,0.1291999,1.5483937,1.3637356,2.020779,2.4520867,2.37189,1.012078,0.9221337,1.0088102,2.1134465,0.64519787,1.8653542,0.9121773,2.187552,-0.034347195,1.7656105,0.6945081,0.37788743,0.83183295,-0.49135756,1.6125413,1.685705,-0.6511796,1.0454682,2.2887728,1.3922851
0.61957884,-0.19572496,0.38120314,-0.26625606,-1.1634933,0.96435267,0.8357897,1.3386606,0.86266214,1.4539896,0.08834559,0.790431,0.5025332,0.3771862,1.6000049,0.054649767,0.9002826,1.6440674,2.0425155,1.2572289,-1.5105932,0.6067681,1.6909945,0.9731622,-0.5447665,1.7555457,0.4827972,1.3016521,1.5988393,1.9802753,0.22770377,-0.024684468,-0.15747115,1.654848,0.8790137,1.0806919,0.1444661,0.8603461,-0.7801262,1.9534215,0.6742186,-0.09226646,0.26430196,-1.0463654,1.0293648,2.4481912,-1.2571579,0.3901553,1.5695194,1.0152094
1.0819247,0.16281573,0.4379295,-0.080971286,-0.1507067,1.1186233,1.4148287,1.493586,0.30948794,2.2349575,1.3695614,1.2263293,-0.19597466,0.7547824,1.7153639,0.1825034,0.61409944,1.3675907,1.3551388,2.2706497,-0.22250748,0.5625049,1.7453216,1.5762028,0.023958676,1.805268,0.19300175,1.5254323,-0.093904294,2.1073823,0.644775,0.37312192,0.11519086,2.168935,1.165939,0.2565084,0.30003098,1.4275901,0.013388135,1.9528127,1.0529938,1.5295658,0.8100472,-0.06280051,0.78731894,2.6846204,-0.15028793,0.32339138,0.69817495,1.7546349
1.2919627,0.8730663,1.0889676,0.5105582,0.27841315,0.9627799,1.5132102,1.1788841,0.3885265,1.7411393,1.0068498,1.5565287,0.2796247,1.0415083,2.087322,0.11575789,0.33747113,1.4776154,0.8661657,2.7770643,0.423364,0.8079549,1.551533,2.0480077,0.42634526,1.9729233,0.85287094,1.5630482,0.8470818,2.9689286,1.1721926,0.6728867,0.7993461,2.1516907,0.8160348,0.3744871,0.5736006,0.7246604,0.6827521,0.9944543,1.539506,2.134948,0.81423676,0.5051923,1.4240674,3.0968246,0.52844656,0.3350058,0.4152299,2.1900177
1.9914557,0.698532,2.1234171,0.44776347,-0.06509925,0.58705956,1.006671,0.90358543,0.07221279,1.5118568,1.2310389,2.0083182,0.12909894,1.3369904,1.5492183,-0.22256713,0.7829121,1.9131262,1.0741941,1.7214,0.28190133,0.64933217,0.029773902,2.2487504,0.49656025,2.637341,0.21401203,1.2653248,0.10163935,1.9633664,0.85973454,0.98441935,1.3972129,1.8289524,0.8538567,0.20782703,-0.10722738,0.6120145,0.42125574,0.6345087,1.449073,2.7462733,0.113405645,0.56597465,2.0854683,3.403303,0.4912896,-0.2637018,-0.21384986,2.4572334
0.6934802,0.10127788,1.4460012,-0.24481869,-0.16042972,-0.2527364,0.36027855,0.5301105,-0.033427123,-0.14787899,-0.26052967,1.7528186,0.78848785,0.07168881,1.1029336,-0.4831729,-0.45311564,0.22948253,-0.5685934,1.3988501,0.34919485,0.4197808,-0.4268408,1.3505623,-0.19047779,1.7459259,0.2752859,0.02657499,1.1094757,2.4184864,0.44863823,0.8538249,0.21535456,0.83296776,0.28509626,-0.9870755,-0.4915704,1.3188715,0.28343922,-0.47447374,0.81154925,1.7506642,0.30636522,0.37749347,0.74986595,1.843809,0.17544232,-0.4216123,-0.34654352,1.3930011
-0.026209788,0.7218781,0.65577763,0.3736689,0.4941374,0.2517815,0.99890137,-0.3290112,0.16761404,0.48838666,1.1839507,1.51321,-1.1833489,-0.12636323,1.1160692,0.23430711,-0.8509673,-0.27557626,-0.356184,1.5367117,0.9160452,1.3189148,-0.64866316,0.9200868,0.4709947,1.2659072,1.0521538,0.3549137,0.5167912,1.4886914,0.1997977,1.1065884,-0.14571644,0.6029915,-0.7579561,-0.5500909,0.45450312,-0.72330767,1.1783056,-0.2743602,0.7493186,2.0808728,1.175617,0.85135186,0.01915318,1.4884195,0.5220367,0.35770616,0.2722242,0.9703393
0.6786023,-0.38252437,0.7249609,0.20953096,-0.32204416,-0.19552736,0.01669965,-0.47109294,-0.114443235,0.68190354,0.10401015,0.4361275,-1.8167218,0.148356,-0.46143606,0.24292737,-0.4411567,-0.24093093,0.6112412,-0.17146622,0.2879236,0.73978305,-1.0348266,0.39011458,0.100926146,1.0580525,0.38881463,0.22991024,-1.5545589,-0.22004135,-0.36454013,-0.0070328102,0.7050728,0.17579056,-0.56677616,-0.20687419,-0.1555113,-0.7772634,0.07731327,-1.0321484,-0.07860715,0.89814556,0.271508,0.24533358,0.6350891,1.8076103,0.37578368,-0.1860676,0.33346042,0.18081687
-0.5266626,-0.6481359,0.30077878,-0.15855262,-0.51897603,-0.7691904,-0.37945035,0.22106259,-0.1687942,-0.017319161,-0.5666031,0.38047037,0.21762303,-0.39850542,-0.17147787,-0.076925635,0.038558442,-0.65470266,-0.771378,-0.20346564,0.13651319,0.2804202,-1.1345624,0.24447763,-0.6471731,0.5011968,0.43821442,-0.40273476,-0.4664947,-0.019329047,-0.475819,-0.25485232,-0.47089502,-0.10216341,-0.442975,-0.6405239,-0.13541354,0.7295476,-0.538712,-1.4912249,-0.29587823,-0.07129197,-0.12920631,-0.11434207,0.09962972,1.4377003,0.045533285,-0.095816076,0.16147198,-0.24871866
-1.6011355,-0.759068,-0.60029197,-0.30422345,-0.18843444,-0.6564574,-0.4189796,-1.7386254,-0.4892225,-1.1861063,-0.40362242,-0.03932673,-0.7356962,-0.27056083,-1.1664656,-0.17530616,-1.1487396,-1.3940463,-1.8375735,-0.022262305,0.42472938,0.3023351,-1.4739305,-0.25135025,-0.28030026,-0.5859331,0.4528118,-0.80021024,-0.9260017,-0.8901042,-0.7722173,-0.19444676,-1.1773554,-0.4088325,-1.3462659,-0.9022296,0.21721874,-0.38550082,0.047628395,-1.428951,-0.113823846,-0.0177497,-0.05398559,0.05714448,-0.98361534,0.10539034,0.20738968,0.0022215096,-0.68992984,-0.3982458
-1.690223,-0.84225184,-0.85134214,-0.058759067,-0.2834585,-0.9316056,-1.0187542,-1.4370813,-0.34061855,-1.1898981,-0.9519765,-0.24159487,-0.80519885,-0.29700485,-1.7032688,-0.40764293,-1.5229506,-1.1585609,-1.37784,-0.86544186,0.07660733,-0.1105106,-1.5705937,-0.45249915,-0.6188813,-0.62196475,0.8097816,-0.92479575,-1.1619395,-1.2125347,-0.5195776,-0.9378009,-1.301264,-0.69268787,-1.5059909,-1.0758194,0.29670992,-1.3706454,-0.7338024,-1.7030323,0.0059708967,-0.7726184,-0.73262393,-0.21976195,-1.0030292,0.113908805,0.08925341,0.12592508,-0.4706287,-0.48913157
0.16558419,-0.38367802,0.45150316,0.32992247,-0.53049654,-0.67448795,-0.13142775,-0.0034202926,0.176226,-0.052401565,-0.97044617,-0.18924199,0.051715534,0.63061553,-0.45994043,0.0031744482,-0.09323684,0.25156465,0.36418253,-0.88202244,-0.115447395,0.1546871,-0.95417875,0.10486984,-0.18323782,0.3037615,0.4656083,-0.19584689,-0.77290744,-0.6259513,-0.662458,-0.7413348,-0.09008449,-0.39043847,-1.05903,-0.28983608,0.35074678,-0.8808113,-0.26476854,-1.2590486,-0.3061099,-1.0136518,-0.13030757,-0.26660344,0.21381396,1.2828021,0.3934045,-0.36654907,0.15338589,0.46335515
-1.2240485,-0.8533937,-0.6802697,0.10328036,-0.26000887,-0.7275685,-0.2887122,-0.3876099,-0.25150082,0.07019897,-1.7821666,0.04859019,0.67948645,0.36942577,-1.1138583,0.12645797,0.7197576,-1.0818523,0.063756004,-0.43105233,-0.23757538,-0.25368547,-0.93742925,-0.5303159,-0.40191716,-0.4599554,0.13096651,-0.96784514,-0.7292997,-1.8934398,-1.1590339,-0.49337602,-1.2172794,-0.6990491,-0.36222392,0.3096508,0.08070175,0.1556054,-0.5476517,-0.53446466,-0.6107126,-1.8162795,0.017404666,-0.34565508,-0.8460111,1.7323234,0.32746682,-0.5478932,0.31167793,-0.15740328
-0.7719554,0.86499083,-0.34656185,0.80467635,0.93704516,0.7708193,0.699014,0.061495464,-0.03326764,0.44288546,-0.027830593,0.27173454,0.6604017,0.8791836,0.028482102,1.0741402,1.6515404,-0.50402975,-0.24991293,0.93706566,0.7522001,0.4194687,-0.2992073,-0.2032107,0.6878325,-0.20935701,0.6564578,0.37424412,0.77660686,-1.6746569,-1.0908575,0.5517274,-0.936973,-0.2845196,-0.8411746,1.0174148,1.1541433,1.2058547,0.8290164,-0.2784949,0.18970641,-0.17328613,0.6373651,0.63068706,-1.0442513,1.5424755,1.7003604,0.16871609,-0.04252012,1.0560697
-1.1306441,0.07049377,0.0179162,0.81206965,0.7283272,0.62410355,-0.08362438,0.27208775,-0.07419035,0.12123413,0.630333,0.16085951,0.4382844,0.98809314,-0.44953603,0.93610644,0.23150477,-0.21704793,0.38303387,0.4305454,0.63977605,0.04252942,-0.70889074,-0.2628775,0.33374235,-0.255275,0.80779034,-0.006304159,0.26486018,-1.7330959,-1.0356325,0.39432478,0.40274915,-0.44684678,-0.1440579,0.9107185,0.80270016,0.4436456,0.17740348,0.1198043,0.53248227,-0.2932432,0.05343496,0.8097681,-0.80813146,1.7601715,1.3038404,0.1866068,0.29400665,1.3224262
-0.23691593,0.083791055,0.71210694,1.183963,-0.31877592,0.5341475,0.16323781,0.16295251,0.14372386,1.2012051,-0.13543382,0.40539575,0.96427,1.2700458,-0.0797889,0.7212018,0.25588503,0.89867795,0.9682881,-0.05673297,0.05290831,0.40110806,-0.8161312,0.25606737,0.26202884,0.54924715,0.4334999,1.0751551,0.22876327,-1.3019516,-0.7359532,0.035686288,1.1121155,-0.13437848,0.37128255,0.46968433,0.58968097,0.26622227,0.28014565,-0.63174385,0.5857276,-0.14618185,-0.29552022,0.067022614,-0.16922593,2.0969584,1.0022941,0.05491226,0.37729794,2.0482235
-1.133856,-1.0975109,-0.066528164,0.8498434,-0.75908947,-0.3920377,-0.10314935,-0.54250026,0.2622498,1.0275352,-0.9888843,-0.090323515,0.343557,0.19553356,-0.54350096,0.19968921,-0.057267457,-0.41964602,0.08758569,-0.19136289,-0.09684415,0.33765203,-0.85313785,0.109118365,-0.27434218,-0.1073197,0.5452863,0.16355984,-0.2917647,-1.1262155,-0.80074495,-0.48843214,0.07474317,-0.19413348,0.86008555,0.032872923,0.4021375,-0.033185057,-0.002416708,-0.58603406,0.9895457,-0.9433993,0.07038476,-0.4471715,-0.7989341,1.8132396,0.38318953,0.07062459,0.13392021,0.71503335
-0.73759997,0.10382804,0.15323067,1.5334179,0.032580264,0.26717204,0.36388588,0.0009423255,0.64557725,1.0865297,0.10419925,-0.3726012,1.1100483,0.6498848,-0.18649925,1.2004887,0.7331036,0.6159839,-0.50732654,0.14863363,0.7692917,0.8765429,-0.079614595,0.64683795,0.107895285,-0.5152266,1.583897,0.64908457,-0.674108,-0.86577344,-0.5526988,-0.13801019,-0.7465677,0.03313477,-0.1360518,-0.04062556,1.4919701,0.57470584,0.7905629,-1.1285398,1.4035666,-0.4239407,0.7333422,0.41605005,-1.0564116,0.59284395,1.2708715,1.1327757,0.21328202,0.09522958
-0.63499635,0.39135885,-0.046304196,1.821305,-0.19407216,0.24703515,-0.29890355,0.87782854,0.7866537,0.30887544,0.5228559,-0.56954044,0.4429369,1.1368005,-0.188255,1.1087307,0.6962712,-0.22189313,-0.40775967,-1.1880975,0.61259043,0.528731,-0.17236234,-0.20874003,0.117843464,-0.48879045,1.5063126,0.6546921,0.63397545,-0.6727412,-0.018442865,-0.30436054,0.31693196,-0.28561816,0.03994419,0.27294487,1.2476258,1.1546916,0.45926008,-1.0053618,0.30219695,-1.2044479,0.40736976,0.386097,-0.2797123,0.2699812,1.173063,1.1711022,0.63539416,0.25117695
0.07423537,0.9345131,0.47470486,2.3372548,-0.20481649,0.5812179,0.19141531,-0.045894742,1.8324952,1.665338,1.0127121,0.42464846,1.9552523,1.8193377,1.1165245,1.6650254,1.1671095,-0.28063586,0.70509964,-0.9915175,0.9455715,0.9378491,0.24406442,0.3873343,0.46579492,0.033802435,1.6632528,1.0247219,0.409061,0.31420186,0.26721433,0.5309772,0.99564177,0.055105396,1.1427144,0.9080766,1.2937349,0.02716331,1.0983404,-0.18981487,0.46877337,-0.951981,1.316602,0.46108586,0.8887976,0.9473574,1.6099068,1.1705198,1.4117498,0.33530837
-0.40224317,1.614526,-0.51085985,2.2033036,0.8355663,1.4304222,0.95074487,0.30454564,1.6003872,1.0632325,1.0069128,0.66360754,1.0081364,1.6757259,0.54415125,2.1449964,1.9852513,-0.36952174,-0.3046747,-0.06011245,1.5504085,1.3467938,-0.0336078,-0.11905242,0.8918152,-1.255197,2.2711453,0.48545507,0.722723,-0.6064286,0.33159167,1.1242747,-1.3362926,0.3982559,-0.37726986,1.2583529,1.8663285,0.49919403,1.8052168,-0.52870655,0.47906303,-0.42708555,1.7336916,1.1595391,-0.11470574,-0.46885094,2.0037453,1.6054395,1.2810096,-0.23229812
-0.50764763,1.9444078,-0.33544487,2.3688297,1.2375802,1.4760321,1.0357567,-0.34220377,1.9738587,0.7418545,1.9189557,0.6833187,0.7523123,1.7017893,0.8738413,2.2617395,1.6040127,0.26610026,-0.14364186,-0.046362203,1.6933584,1.7557906,1.1101995,0.4200729,1.1690462,-1.1242278,2.1693738,0.86116207,1.4489212,-0.78652114,1.0755229,1.5696745,-0.35897663,0.61275053,-0.45922878,1.3722605,2.2621775,-0.3200689,1.6420355,-0.5023765,1.1780927,-0.13823979,1.4869858,1.7536612,0.2669119,-0.6877214,2.0845714,2.031829,1.282395,-0.28005612
0.5154335,1.5292474,0.39847416,2.4348853,1.0641184,1.2883406,1.225507,-0.7059065,1.6586615,1.4255002,1.0612817,1.0694808,-0.18575183,2.2772617,0.8092689,2.118041,1.6160333,1.2326539,1.2073482,-0.5460179,1.1478177,1.9046175,0.77972275,0.82124615,1.2977045,0.0053550806,1.4653462,1.5165508,0.36362225,-1.2537097,1.3044355,1.4803369,0.8422285,1.0000467,0.014338497,1.4078835,1.9973068,-0.50761575,1.5061438,-0.7917788,1.0546169,-0.18714476,1.0383906,1.4577684,0.9838998,-0.34159595,1.8697504,1.9055482,1.5941639,0.5923805
-0.29110852,0.7864822,0.038983867,1.4710752,0.38083163,0.6052024,0.95526034,-0.05577171,1.6698569,0.90677935,0.31606477,1.0812654,0.90030605,1.7210878,0.4996073,1.279111,1.8070996,-0.39014602,0.048655026,-0.73169905,0.38747412,1.6898725,0.5416403,0.60054153,0.6858645,0.056119308,0.6432074,0.10121484,0.7503749,-0.21081245,1.0698934,0.9434062,0.5299827,0.5391234,0.98031497,1.196635,1.4553527,0.8838876,0.8647965,-0.8422321,0.70958024,-0.8845268,0.51558036,0.6392375,0.77323854,-0.50751024,0.98835063,1.2387612,1.2623615,0.54634094
-1.8522098,0.66689783,-1.5502973,1.2125031,0.877604,-0.050496724,0.47959778,0.07587466,0.7594782,-0.66523343,1.1054072,0.841657,0.60605925,0.5448408,-0.7680414,1.0919827,0.52958524,-1.4963958,-0.8329767,-0.77812463,1.0494375,1.2259846,-0.39576176,-0.7171573,0.8166893,-0.95800215,0.30357292,-1.0202985,0.5348023,-1.1970133,0.07225182,0.6223689,-1.2596121,-0.009171459,0.17923984,0.5231732,1.2542893,0.7383839,0.64754945,-0.5852984,-0.3721376,-0.36285612,0.60111934,0.78873724,-0.86907554,-2.34569,0.6678045,0.8353738,0.8419529,-0.63204753
-0.72863215,1.9488705,-1.0880742,1.3918796,1.4269747,0.2154115,1.1460197,-0.47084865,1.2718574,0.066065595,1.042812,0.7212893,-0.67166895,0.8742052,0.16673085,1.2153758,0.5514998,-0.7782339,0.23451325,0.004667903,1.5356575,1.2351216,0.669872,-0.3172961,1.4298472,-1.0507346,0.90695596,-0.27592015,0.15436476,-1.2429641,0.19064534,0.95117015,-0.77379465,0.31591716,0.98183334,1.5034705,1.765904,-0.88430214,1.4033803,0.07782333,0.07379565,-0.17152715,1.1469604,1.0131992,-0.36684975,-1.376468,0.81648356,1.2043601,1.116403,-0.646511
1.1363742,2.5930598,-0.2340769,1.4218725,1.3501711,0.73534805,1.2625642,0.9623935,0.9766588,0.621611,1.5963352,0.5202818,-0.10665934,1.1323494,0.43789607,1.2839,2.2983112,0.5074171,1.566818,0.28742453,1.1547421,1.4624017,1.4448907,0.24166611,1.6211375,-1.0053983,1.0754775,-0.0142801395,0.46851256,-1.4628764,0.4155516,0.6943333,0.059323296,0.44403657,1.0090437,2.0842254,1.9166158,0.08502444,1.5340749,0.54164326,0.4741066,-0.09218651,0.9279297,1.0596956,0.30521825,-1.2113738,0.55257946,1.3867503,0.8393181,-0.24881414
2.1726372,2.1194885,1.3722023,0.6693691,0.65066564,0.2852026,1.2369344,2.8758378,1.1729156,-0.053972926,0.7180167,0.572138,1.6969595,0.8944994,1.8762423,0.89954555,1.8748157,1.4708835,1.4944992,0.33002707,0.60900635,1.3419566,1.3802582,1.139042,1.3244436,0.20303267,0.39572534,0.5681754,3.122981,1.1812984,1.0797019,0.65384245,1.3546708,0.4313907,2.6013935,1.2923086,1.302434,1.7850549,1.2359216,0.4494627,0.7778977,-0.1939408,0.60820574,0.5605045,0.94258296,-0.5911291,0.13404611,0.77264315,0.82264626,0.64025784
0.7221054,1.0781115,-0.19563895,-0.20052339,-0.04904402,-0.42734048,0.3628516,0.55925274,-0.101206355,-0.37319887,-0.30774397,0.18769489,-0.45537522,0.15512076,0.25991544,-0.024738802,0.30541617,-0.029928776,0.27955067,-0.03742771,-0.028185256,0.6862615,0.8710294,0.18627907,0.4389475,-0.7640077,0.017364593,-1.0280306,1.0724072,0.15940815,0.24721728,-0.5396115,0.08105248,0.1036707,1.8176246,0.8454924,0.5355798,-0.4330857,0.19487649,0.16231796,0.3323123,-0.67459524,0.06626701,-0.01840201,-0.23033595,-1.740525,-0.21402942,0.37738702,0.4471881,-0.84467924
0.33509985,1.0396466,-0.5724499,-0.42574495,0.38994184,-0.42941874,0.59594035,0.58619624,-0.10024947,-0.91842794,0.675341,-0.08822252,-1.1491673,-0.2591398,0.12504813,0.13622761,-0.08402104,-0.7082572,-0.038432825,0.7427457,0.39132643,0.22552902,0.88584834,0.06800764,0.41740814,-1.0057374,0.054597445,-0.85562414,0.6279593,0.04243355,0.74154824,-0.46851745,-0.6263765,0.50729156,0.9615938,0.18705949,0.5091935,-0.017236156,0.35852826,0.53844714,0.25019798,0.22269745,0.19722097,0.3557722,-0.6537208,-2.122141,-0.05569719,0.50982565,0.14214258,-1.1834722
1.1257361,1.6483461,0.11164126,0.2297415,0.64165753,0.03342108,1.4294597,0.3803156,0.39726603,-0.11440211,0.28363252,-0.3038797,-0.39043012,0.41071713,0.9892654,0.44483322,0.011250066,0.012992004,0.47012174,1.7187387,0.4585712,0.6378199,1.5894369,1.2207012,0.68205494,-0.6586507,0.925038,-0.1259787,0.50797254,0.077219374,1.2947305,-0.34004682,0.15226138,1.6030893,0.41060558,0.5905215,1.1299102,-1.0770853,1.2659914,0.7438622,1.579708,0.7030587,0.95785517,0.49403954,0.2503188,-1.4916257,0.10225198,1.0947728,0.4402377,-0.6496376
1.8428308,1.1411066,0.8151623,-0.071995996,-0.33360556,-0.01421098,1.0757651,0.94316316,-0.027430654,0.26088053,0.44585684,-0.24539575,-0.6874305,0.49245057,0.28508115,0.01808888,0.5132804,0.79345554,0.916978,1.3111104,-0.32720253,0.9750905,0.75729036,1.6708574,0.39928117,-0.2212545,0.33582774,-0.017937249,-0.06393564,-0.31891313,1.4958407,-0.30509165,0.5682575,1.7631938,0.76011294,0.38457853,0.81096,-0.35244668,0.9197392,0.29269993,1.4737101,0.9526206,0.39334068,-0.028412916,0.79971635,-1.2633793,-0.29253155,0.7572004,-0.130445,0.14723592
0.93579227,-0.19177829,0.99544096,-0.84826136,-0.90977573,-0.9662905,0.17769234,0.6390712,-0.37168536,-1.4671755,-1.1495328,-0.56820345,0.42274442,-0.57160693,0.14058974,-0.77119935,-0.35269725,-0.015821945,-1.4255657,1.1133476,-0.6127855,0.30807388,-0.41873798,1.2280111,-0.58029824,0.26300475,-0.3410254,-1.0646366,0.79947567,0.42007598,1.19813,-0.7805027,0.18435775,0.93531,0.731781,-0.93172425,-0.041984625,1.2283926,0.37745556,-0.48358017,1.181426,-0.084457666,-0.4602062,-0.30563802,0.16024195,-2.0982819,-0.9814811,0.21886182,-0.855036,0.2676691
0.6428593,0.6164107,0.69826037,-0.02805584,-0.09694415,-0.37945566,1.0527085,0.54585075,-0.62934214,-0.53019863,0.28643763,-0.7745017,-0.18527707,-0.7373873,0.75796205,-0.2705396,-0.9769372,0.6371656,-1.4522165,2.0592422,0.47329774,0.81012213,-0.36128387,1.3953905,0.14122438,-0.16644366,0.1752272,-0.44898847,1.0531256,0.35699037,0.86650383,-0.47527173,-0.34481338,0.9584047,-0.5160479,-1.1897702,0.7217413,-0.85537153,1.3510895,-0.36806276,1.3484372,0.6642546,0.6552965,0.5226914,-0.8025846,-1.8522903,-0.26633012,0.9526933,-0.68502367,-0.21516158
0.30102712,-0.8303511,0.46604455,-0.14034377,-0.041506644,-1.0513318,-0.15647723,-1.2975124,-0.16841145,-0.7662106,-0.22400004,-1.3966815,-0.95803505,-1.1935835,-1.065998,-0.31139693,-1.1546574,0.39331898,-0.5780854,0.8252894,0.38508472,0.45201162,-0.6155448,0.94620275,-0.28169048,-0.93328637,0.3496052,-1.136107,-1.1436296,-0.18293215,0.8860173,-0.78927624,0.17200091,0.54878026,-0.3560468,-1.1496427,0.42760253,-1.4047904,0.54788697,-1.1054058,1.6216202,-0.37242392,0.20121902,0.30683294,-0.8373353,-1.598358,0.03562475,0.94596404,-0.5572816,-0.6631702
1.7085441,-0.67673415,1.3866941,0.19474433,-0.44517508,-0.90540236,0.121715724,0.12606221,0.18837842,-0.20803489,-0.54394156,-1.0955139,-0.107292324,-0.34699374,-0.020873869,0.08590166,0.087812155,1.0481503,-0.5246512,0.27031592,0.47461435,0.70040905,-0.1786434,1.4890455,-0.26452038,-0.15713891,0.21814089,0.19145834,-1.0705389,-0.078510135,1.260884,-0.4931323,0.72133046,0.5918018,-0.49408287,-1.2981555,0.36889476,0.6004728,0.9092383,-1.8044714,1.5397089,-0.48585144,0.59025043,-0.010834084,0.18688573,-0.9231068,-0.05832755,0.3787458,-0.20335612,0.5381784
-0.6238444,-0.8473218,0.40758115,-0.107994,-0.6037051,-1.5984825,-0.7789806,-0.03950787,-0.013906703,-1.0113775,-1.552903,-1.164713,0.79168445,-1.041684,-0.58687437,-0.45339876,-0.79958683,-1.0911998,-1.336221,-0.24129467,0.1670391,0.3663286,-0.60814893,0.55262065,-0.90873253,-0.75300676,0.31063002,-1.0166762,0.6350965,0.5112032,0.31625715,-1.0030806,-0.84304005,-0.30672017,-1.1034259,-1.2117288,0.28832155,0.80811393,0.14151643,-1.1798048,0.8001002,-1.3912461,0.2609982,-0.40842903,-0.99914175,-1.0498959,-0.8576499,0.2316948,-0.31980947,-0.3013694
-0.88152254,0.20231289,-0.3811287,0.7313567,0.47981843,-0.38406157,0.3561919,-0.9498641,-0.06411118,0.21438867,-0.16222431,-0.8202842,-0.6588825,0.07274306,-0.48341542,0.6663331,-0.042996824,-0.9280064,-0.32173386,0.884726,1.2646793,0.54457766,-0.7142745,0.21002084,0.22138755,-0.8627011,0.53944445,-0.03110284,-0.58207214,-1.2361232,0.07021413,-0.007102442,-0.72792774,0.26837376,-1.1837112,-0.115076885,0.8727317,-0.3888826,1.5043473,-1.0094965,0.9959514,-0.03469987,1.3743702,0.6124444,-1.1237085,-0.7766713,0.28578967,0.6008536,-0.21480384,-0.22847939
0.65264946,0.47162825,0.685456,1.1149694,0.9853742,0.41697714,-0.08559201,-0.3920423,0.5908754,0.1955323,0.80043685,-0.7734703,0.77560645,0.7055549,-0.22798687,1.2414007,0.056496903,-0.2043132,-0.19279471,0.947014,1.6520071,0.45516706,0.4254813,1.091621,0.4137972,-0.29719487,1.3046871,0.60627896,-0.60150313,-0.9936872,1.2526642,0.13783611,-0.16375428,0.74309254,-0.4704097,0.109056674,1.1702987,0.31112355,1.2406695,-1.0711362,2.062684,0.043654673,0.96630615,1.057704,-0.1958934,-0.16598886,0.798735,1.3215177,-0.111161046,0.83045447
1.9318156,1.2718328,1.9750502,1.6932297,1.0352353,1.1473541,1.0952649,1.3125896,0.897397,1.5676744,0.99994725,0.010944253,0.6135602,1.2762834,1.1890303,1.577728,0.36844733,0.79967284,2.279352,1.1486843,1.767162,1.2849329,1.1836417,2.0881813,1.0335631,1.27669,1.3191235,1.7009387,0.8445408,-0.6498948,1.7220938,1.2341189,1.0605152,1.7270956,-0.15956971,0.68660665,1.1139263,0.30222183,2.1472344,-0.08383511,2.5105302,1.1633517,1.6445376,1.2653838,0.95102173,1.1354532,1.4254242,1.2566949,0.684047,1.8364989
1.6883986,0.41279235,2.2041643,1.2660965,0.9775305,0.7629836,1.0859313,1.5970323,1.1610502,1.3667107,0.6535935,0.5659879,0.55959755,0.5328634,1.5498035,1.1846986,0.099740304,-0.2763052,0.941571,1.4985236,1.4371555,1.8109071,1.0440443,2.4407463,0.71249527,1.5052624,1.2334425,1.3644499,0.5635379,0.05943924,2.0504045,1.1691873,1.3700645,1.8204452,1.3244044,0.36171043,1.0424485,1.4798441,1.9608912,-0.0074830125,2.568877,0.81891155,1.510591,0.93749344,1.0217084,1.6627591,1.4623258,1.2310829,0.77817273,1.8453058
0.6520841,0.7680543,1.4641407,1.3481977,2.0202622,1.1073331,1.5524116,0.9640339,0.8016768,0.7611549,1.3364989,0.75524896,-0.5611167,0.22335398,1.2523671,1.10635,-0.568606,-1.1347636,0.59278816,2.2049189,2.1097736,1.6280463,0.808409,1.7777891,1.2387917,1.4191934,1.4819641,0.99556947,-0.013863308,0.62972677,1.3481941,1.4935322,0.49757218,1.5752172,-0.29125613,0.09142917,1.1920463,0.6978898,2.2068608,1.1260031,2.189667,1.7910942,1.6083875,1.6984019,0.004361615,1.2693068,1.8605058,1.3942021,0.612953,1.3290613
0.93376225,0.37994385,1.7399807,1.1752459,2.0329063,0.6312091,1.2773213,0.22190021,0.86668104,1.389393,0.8385424,0.5813824,-1.5702026,0.33730054,0.9307405,0.78121525,-0.9101149,-0.5270123,1.2325056,1.8363445,1.5311226,1.7749314,1.2240472,1.795939,1.1322324,1.4134506,1.6076452,0.5272854,-1.3815851,0.13601324,1.1522646,0.6704496,1.2095827,1.4822764,-0.34966263,0.13593104,1.3907528,-1.5111309,1.7039503,-0.18436114,2.5214577,1.5121093,0.9498351,1.2990013,0.3113814,1.6960688,1.8566753,1.436001,0.8814294,0.79219556
2.6635313,0.028233942,2.4949923,0.668336,1.2036314,0.7986796,0.9972869,1.0081137,0.79134244,1.5180398,0.24524331,0.46324942,-0.87454325,0.9160822,0.9111672,0.5785979,0.7747134,-0.1464709,1.857487,0.96961427,0.7817751,1.5595796,1.2312528,2.2977335,0.74150926,1.6939986,1.0882447,1.0501126,-1.2254268,0.26808968,1.2564633,0.6559314,1.6340872,1.2746029,-0.19752963,-0.043310832,1.1837114,0.66570836,0.8147942,-0.3831556,2.3234904,1.421975,0.3574301,0.55094504,1.3340379,1.6874198,1.5728009,0.981616,0.60666126,1.4220712
1.0821302,-0.5932467,1.664693,-0.25056544,0.503697,0.06156219,0.40871257,0.56626785,0.46284443,-0.3488086,-0.54737705,-0.020761611,-0.14248674,-0.04287272,0.41786757,-0.17412943,0.1698914,-1.1748545,-0.07915569,0.5757573,0.10679188,0.9662309,0.43051156,1.4779245,-0.07467452,0.8561102,0.602446,-0.44024622,0.016479027,0.11568385,0.6507154,0.021376958,-0.16621518,0.3166836,-0.62173176,-0.72478515,0.8542623,1.6722345,0.0021386796,0.0761999,1.7188936,0.3618967,-0.2604715,-0.025120204,0.31071767,0.44497317,0.79304016,0.34823778,0.093853176,1.0565948
-0.24670605,-0.81508046,0.36812583,-0.3494873,0.85478765,-0.060747728,0.10905224,-0.17558666,-0.0081973,-0.96174294,0.13139948,-0.40407786,-0.97360665,-0.44410163,-0.27805814,-0.39831114,-0.956009,-1.7616814,-0.74097687,0.26877403,0.5477107,0.4029112,-0.13891768,0.37577578,-0.045317464,0.27732533,0.18388021,-1.2942683,-0.41660923,-0.032688353,-0.09124728,-0.1647488,-0.6138626,-0.1531557,-1.1751873,-0.6848092,0.5761182,0.0044290377,-0.30788434,-0.47886208,0.8308242,0.55685025,-0.2335146,-0.22236426,-0.6405885,-0.116350636,0.7330527,-0.07685776,-0.023826713,0.17399089
0.039571643,-0.23692223,0.3942805,0.14163518,0.73014516,0.30826032,0.11033877,-0.94106907,0.33554706,-0.027464705,0.38023588,-0.70917994,-1.5744753,-0.01979642,-0.43100315,0.05900095,-0.21094643,-0.7774192,0.30148858,0.63946044,0.39556885,0.4719673,0.34505096,0.6662375,0.27535325,-0.1372936,0.41834617,-0.85412645,-1.3841635,-0.7016218,0.47101834,-0.08992945,-0.4913414,0.26362196,-0.9442013,0.41283885,0.75998706,-0.7798379,-0.26780546,-0.506638,1.239309,0.49432653,-0.13911763,-0.3404239,-0.23123671,0.64453256,0.882932,0.16644067,0.18096037,0.023365855
2.3003972,-0.11542521,1.8421676,0.101827525,0.11314237,0.63612396,0.50669056,1.6263142,0.81839037,0.63042426,-0.45994547,-0.56648445,0.37242147,1.3505199,0.7597178,0.3823568,1.8153598,1.160619,0.9091122,0.4101418,-0.13668387,0.6163732,0.72060996,1.9221765,0.15205725,1.0300413,0.26188913,0.72776467,-0.31257838,0.029041972,1.6527086,-0.37601164,1.0899674,0.8011103,0.11772752,0.49482626,0.93601394,1.8583195,-0.06490893,0.7069544,1.7930951,0.44909942,-0.41318727,-0.53344584,1.3227072,0.557484,0.18670434,0.34955344,0.02884645,1.1727797
1.3438684,-0.7145919,1.065071,-0.3004138,-0.51877177,0.19541502,0.32766125,1.3886039,0.43043798,0.3347688,-0.9111604,-0.33665514,0.252406,0.15784423,0.93581265,-0.18625253,0.49549603,-0.1957805,0.4883093,0.34783268,-0.66191465,0.7695692,1.4451355,1.2579695,-0.23315926,0.42620143,0.31226987,-0.05941931,0.7938332,1.0385731,1.366188,-0.45385996,0.21522367,0.6568962,0.17734185,0.35421765,0.44553626,1.0685545,-0.28598425,0.5161503,1.1849042,-0.006796057,-0.52769417,-0.72830003,1.1601422,-0.18649282,-0.6309539,0.30483207,-0.14984255,0.42142072
0.119048975,-0.55229235,-0.41998848,-0.3710538,0.0022877676,0.27354732,0.59604126,0.22807768,0.043091644,0.8059388,0.12515888,0.39832878,-1.9611392,-0.15948416,-0.017752543,-0.24528085,0.24907337,0.28758207,0.36351877,0.55265015,0.19400527,0.6211757,0.83298945,0.3799306,-0.10190111,0.033123963,-0.28789207,-0.14499566,-1.3700013,-0.012746199,0.65112984,0.18880658,-1.2344534,1.096692,-0.048416153,0.17525728,0.19385348,-0.8748986,0.09825095,1.0003139,0.75984013,1.2299796,-0.16755882,0.17762056,0.55838156,-0.7599699,-0.32853937,0.20569453,-0.48175842,-0.4530446
0.91811347,-0.10489061,-0.11873826,0.12568629,0.1453958,0.5974229,1.0085882,0.17677328,0.45442384,0.41463506,0.4671001,0.35867736,-0.67784065,-0.38488808,0.6669234,0.22905284,0.68409646,1.1821009,0.14032295,1.0496445,0.54310256,0.83403087,1.7502704,1.0198959,-0.22590125,-0.203275,0.27442208,0.7657289,-0.6447746,1.5266074,0.86646926,0.46193725,-1.5658628,1.5726626,-0.29072124,0.22060372,0.5276629,-0.31103626,0.7324978,0.87883544,1.5094485,1.4164315,0.33760744,0.5900327,1.0788124,-1.3749582,-0.24372949,0.89563495,-0.6685335,-0.6275128
0.8588588,-0.8934069,0.3447752,-0.35116613,-0.5475118,-0.2913532,0.049998045,0.18923292,-0.15810901,0.26047063,-0.07233433,0.26201266,-1.2877611,-0.562558,0.2569892,-0.3451665,0.15102828,1.722534,0.107631825,-0.26019862,-0.09940423,0.51151466,0.44815838,0.77004516,-0.5868702,0.064115584,-0.22522728,0.46323377,-0.50027484,1.7841774,0.12374679,0.1373487,-0.8939335,0.8571354,-0.5532486,-0.39858958,0.0049494505,-0.0620938,0.016788635,0.4529886,0.8719828,1.1590608,-0.20955028,0.39353216,1.206508,-0.49011916,-0.3116336,0.40767935,-0.8040891,-0.97726077
0.78819513,-1.8678726,0.95293343,-0.6637837,-1.1376537,-1.1326658,-0.58789325,-0.708559,-0.660377,0.20806906,-1.4082658,-0.45648804,-0.9221127,-1.4357089,0.15977289,-0.7117058,-0.95930696,0.83719105,-0.46218956,-0.49543136,-0.5906957,0.13140255,-0.5085491,0.9859702,-1.3683347,-0.18081273,-0.043177225,-0.14370696,-0.6582269,1.6857897,0.29550028,-0.9336926,-0.44715,0.4081938,-0.77826464,-1.35708,-0.14604093,-0.87847674,-0.4412096,-0.35832214,1.0836018,-0.113294266,-0.17031197,-0.58381903,0.96493626,0.10924882,-0.9243027,0.4647592,-0.94064415,-1.1798682
-0.17270195,-1.7710878,-0.06762001,-0.9808244,-1.130627,-1.3266203,-0.89880437,-1.7154163,-1.32321,-0.7433917,-0.36967728,-1.5030681,-2.287922,-2.0174484,-1.503829,-0.8611785,-1.791072,0.23312715,-0.7681255,-0.8897318,-0.65072346,-0.12732819,-1.0079621,-0.3062062,-1.1002936,-1.3601421,-0.5495909,-0.92197454,-2.5849652,0.80062264,-1.028207,-1.4545383,-1.7145898,-0.36662844,-1.7353033,-1.4562185,-0.43062362,-3.3367672,-0.51745355,-0.65967196,0.051187396,-0.6446926,-0.068182245,-1.0512248,-0.42921612,-0.6913003,-0.66371846,0.006632176,-1.0571429,-1.8778605
1.2953289,-2.1962364,0.7512645,-0.6976509,-1.4785516,-1.5134132,-1.5949174,-1.2812835,-0.47222188,-0.12297629,-1.3473727,-2.0113742,-0.5968492,-1.1824261,-0.9451766,-0.5973983,-0.1340453,0.9073393,-0.11924796,-1.5154209,-1.021423,-0.5915455,-0.7961188,0.3938945,-1.2496065,-0.9200804,-0.9194743,-0.15997238,-1.5759704,0.65809107,-0.16315374,-2.0098517,-0.522888,-0.7141731,-0.9143165,-1.3553475,-0.4097652,-0.8852185,-1.033795,-1.6889286,0.102722615,-1.5308185,-0.34589082,-1.8629314,0.27106017,-0.22233745,-0.8143384,-0.3174278,-0.59505457,-1.1803933
-0.5680586,-1.7658054,-0.7442916,-0.39607486,-0.89463973,-1.3986582,-1.7291957,-1.2119353,-0.56746364,-1.1418006,-1.8245586,-2.4382381,-0.6801194,-1.0309366,-1.748723,-0.3867627,-0.0461715,-0.09433138,-1.03762,-1.1336879,-0.5344471,-1.0398122,-0.9884935,-0.58423465,-1.0222248,-2.0915103,-0.10793574,-0.9330155,-1.2031558,-0.016489387,-1.09887,-1.9939061,-1.9404163,-0.9101204,-1.8789299,-1.1795921,-0.26075676,0.20724842,-0.7958241,-1.603115,-0.054578636,-1.7543954,0.03935801,-1.8951946,-1.2189766,-1.5107689,-0.87307453,-0.16854355,-0.67639244,-1.9235182
-1.0370597,-1.0326337,-0.70116365,-0.36708274,-0.09835359,-0.9853602,-1.9160451,-1.0839535,-0.06860853,-2.0879323,-0.7466983,-2.3404658,-0.41862997,-0.7252342,-2.0888176,-0.008538171,-0.779121,0.10993894,-1.5052525,-1.3461303,0.11483785,-0.8953197,-1.7267231,-0.91708785,-0.35380122,-2.0352457,0.12301629,-1.4973248,-0.86711067,-0.35347307,-0.9698391,-1.5692219,-1.4662226,-0.911781,-1.6783462,-0.995218,0.2460691,0.09964244,-0.60445505,-1.6174215,-0.411731,-1.4949726,0.061598636,-1.3898164,-1.1110029,-1.2268077,-0.7413779,0.4639504,-0.06891349,-1.3342881
0.68374145,-0.68972784,0.5677103,0.53793603,-0.5155035,-0.6400839,-1.8099191,-0.75232476,0.40370905,0.62290907,-0.53823674,-1.9170396,0.40657145,0.6923475,-0.5379736,0.3419647,0.027801532,0.5739636,0.59361786,-1.7683748,-0.17508505,-0.66918385,-0.7387462,-0.28071505,-0.0340874,-0.62133473,0.43759948,0.46814474,-0.16916226,0.17196074,-0.6241563,-1.4619193,0.0012828074,-0.5747107,-0.89654434,-0.13534635,0.45343181,-0.45019096,-0.61525536,-1.8775513,0.005014394,-1.8756317,-0.10797118,-1.4735682,0.17633726,0.7689357,-0.5327624,0.64863765,0.63432664,-0.48822463
-0.82745844,-0.55189764,-0.8859586,0.30328718,0.13765417,-0.42790216,-1.5581126,-1.0065084,0.40524006,0.26234943,-0.31842864,-1.2856537,0.3666929,0.57140195,-1.4467348,0.43780017,0.32964233,-0.35983133,-0.3123082,-1.6239866,0.40971026,-0.4842424,-1.1077795,-0.96885115,0.35186934,-1.2985708,0.91855186,-0.42474705,-0.85866565,-1.2807187,-0.91205835,-1.134441,-0.58901805,-0.2633154,-0.40089127,0.031833462,0.5094399,0.044203106,-0.33829635,-2.0685077,-0.28564656,-1.36726,0.5951582,-1.1034037,-0.809293,0.47531903,-0.15580402,0.52634674,0.73288155,-0.56569713
-1.2724081,0.4694424,-1.079662,0.6382784,1.1501343,0.57400006,-0.95589095,-0.42292964,1.2786512,-0.014039793,1.0444825,-0.4701827,0.6915766,0.8780122,-1.1365529,1.1515584,0.32147446,-1.0508516,-1.450026,-1.0685062,1.1780999,-0.21063592,-0.9172265,-1.0906214,0.8754034,-1.0309621,1.2196212,0.2328011,-0.15182377,-1.0344751,-0.16418985,0.17481059,-0.42667744,0.2111224,-0.9963099,0.5103965,0.936721,0.44434378,0.16929789,-1.2257174,0.14344645,-0.832477,1.1050168,-0.08077765,-0.8665391,0.33164218,0.45786107,1.1234907,1.168304,-0.014725978
-0.66585714,1.4150366,-0.50286955,1.0470736,1.5417103,1.4353371,0.21010782,0.57146806,1.7938372,0.82657146,1.6211715,0.5050591,1.3777727,1.529654,0.1677713,1.5964464,0.8625872,0.5244825,-0.5369311,-0.6888853,1.6197501,0.7551789,0.20153804,-0.49273518,1.8876078,-0.61011577,1.6264886,0.96641713,1.5075133,-0.1997765,0.23419675,1.1615974,-0.29881558,0.9696966,-0.9720501,1.0480138,1.3424796,-0.101693325,1.1323025,-0.24019203,0.6196979,-0.001439165,1.671662,0.61345345,0.19966242,1.2578806,0.96771634,1.4119095,1.7380327,0.9444435
-0.070355296,1.090407,-0.28266406,0.50736195,1.5457956,1.744412,0.8070068,0.9598807,1.7647798,1.4467819,0.8764273,1.1880531,0.7284168,1.1558942,1.1287496,1.298404,1.1143112,-0.7285813,0.77081376,-0.012356213,1.2441499,1.3474354,0.911734,0.106588,1.785797,0.010928242,1.2938379,1.1567957,0.75698894,-0.66806215,0.620668,1.8299581,-0.015760206,1.6084287,0.4455287,1.2671667,1.2909496,-0.259066,1.3605424,-0.12840343,0.88409853,-0.03235456,2.0157812,0.9300848,0.98868805,1.8609579,0.8517252,1.4712324,1.7752378,1.0737791
-0.16887327,0.6480448,-0.66079015,-0.27303594,2.109567,1.5604274,1.9385972,0.4100861,0.89950216,0.4706576,1.7703158,1.5198377,-1.0419699,0.47487977,0.62302977,1.1349746,0.69201773,-0.46475357,0.16690733,1.4220418,1.7702827,1.3979053,1.0815403,0.14444984,1.8431208,-0.20186958,0.9478931,0.2945888,-0.39822447,-1.4506465,0.5531478,1.8059351,-0.25567135,2.2985363,0.15680899,0.8216714,1.3707621,0.2840257,1.8565878,0.72986007,0.81195503,1.2498882,2.5411053,1.8708975,0.7454095,0.4358023,0.835228,1.5116941,1.1850667,0.16186643
0.7247006,0.065363094,0.29263955,-0.6802169,1.5551714,1.0360254,1.6230696,-0.21697918,0.19131286,-0.16461743,1.1730769,1.3957647,-0.77703065,0.44164172,0.8345646,0.44031784,0.4985474,-0.2504927,-0.028277,1.3465738,1.1751252,1.2614229,1.8019328,0.8086255,1.1968505,0.20414731,0.043865364,0.3690197,-0.32083657,-0.10448656,0.69509566,1.1709977,0.4529619,1.8636456,-0.3747162,0.18959317,0.966032,1.2040656,1.426093,1.110403,0.7896366,1.4530503,1.4769309,1.9261036,1.2671204,0.2828428,0.5916262,0.95290893,0.39696804,0.70594
0.35388353,-1.1435354,0.5291483,-1.0686079,0.5577251,-0.14612596,0.62467283,-0.5300406,-0.20942985,-0.116075955,-0.34213033,0.75404567,-0.7814616,-0.660193,0.60118043,-0.5691019,-1.3258433,-0.765928,-0.38562262,0.751638,0.37867233,0.97392887,0.8267356,0.9742555,0.03446655,0.4141101,-0.14434868,0.098289154,-0.22809066,0.9263098,0.56064236,0.125755,-0.0020943794,1.2886283,-0.20500083,-1.1993203,0.4475396,0.14048558,0.2392541,0.8700334,0.642654,1.1240678,0.32460782,1.1266916,1.2420173,0.39533493,0.035292763,0.5173097,-0.4415324,0.2476685
-0.575716,-1.0433201,-0.13553779,-1.033643,0.24054243,-0.6347759,0.033348847,-1.3911517,-0.6893387,-0.2456793,-0.6867821,0.0005347977,-1.0662452,-1.0836489,0.15652151,-0.79927677,-1.7655206,-0.8039606,-0.14752497,0.3217051,0.34029552,0.38344094,0.3659607,0.30439433,-0.5026989,0.31982675,-0.19988316,0.26498365,-1.247623,0.1982276,-0.3504835,-0.58598626,-0.6645728,0.438314,-0.509681,-1.6619016,0.055986643,-1.6246933,-0.26870373,-0.13750987,0.035738427,0.53123844,0.545841,0.2480421,0.5667255,-0.034931287,0.054139405,0.29079127,-0.78607714,-0.62197566
-0.92201924,-1.0665144,-0.39728308,-0.61070687,-0.24583289,-0.8401891,-0.5152422,-1.2384601,-0.70684963,-0.92929083,-0.42250183,-0.63604635,-1.1671443,-1.2184461,-1.0688592,-0.79068387,-1.5657009,0.18969184,-0.26461565,-0.9236956,0.1791568,0.3399926,-0.3411083,-0.46399516,-0.42119965,-0.37386218,0.23593007,-0.23468189,-1.832535,-0.303295,-0.5075932,-1.4108095,-0.68192995,-0.21303843,-1.3102556,-1.7871782,0.025700718,-1.6665182,-0.26635116,-1.3127741,-0.47343996,-0.34606588,0.295616,-0.46971595,0.3136096,-0.29067156,0.24464883,-0.03843427,-0.518214,-1.0838511
-0.8474755,-1.1208267,-0.028263923,-0.41634995,-0.7884832,-0.68007684,-0.94368154,-1.7304935,-0.03661673,-0.059028618,-0.87649035,-0.905508,0.040543206,-0.8461798,-0.5056549,-0.47206232,-0.6881033,-0.25821072,0.24549879,-1.739607,-0.2592751,0.060161877,-0.42901608,-0.2443839,-0.49841988,0.28277734,0.12483181,0.23273143,-1.1936644,0.053372692,-0.5123594,-1.385568,-0.0102624595,-0.5057843,-0.13731138,-1.0764041,-0.078773394,-1.2050692,-0.5557359,-1.1371896,-0.31703722,-1.2156947,0.38443485,-1.2172146,0.5596142,0.03323505,0.38653493,0.16237509,0.08892429,-0.94852483
-1.3641167,-0.40960467,-1.0154417,-0.08920401,-0.21172065,-0.12393884,-0.60744345,-1.2380412,-0.10225892,0.1435065,-0.5945283,-1.0770634,-0.06589458,-0.503403,-0.92586344,-0.013409306,0.6973808,-1.1949642,0.22017561,-0.7132809,0.2852904,-0.22155868,-0.22679828,-0.72278035,-0.25959143,-0.6737709,0.6213333,-0.08278998,-0.7627809,-1.0629685,-0.76347935,-1.1327002,-1.2481192,-0.50810903,-0.24765398,-0.44265836,0.29376382,0.2614223,-0.1341166,-1.5515963,-0.41086146,-0.93942827,0.8448326,-1.0988629,-0.32944417,-0.16654806,0.87164444,0.5007239,0.056398217,-0.9468303
-1.0576935,0.7029644,-0.5795717,0.6818634,0.3522141,0.6757518,-0.39670497,-0.81361085,0.6443333,-0.014244754,0.568053,-1.0552895,0.4892087,-0.0033091647,-0.60079026,0.73058826,0.49497205,-1.2865086,-0.83974725,-0.13150391,0.5514899,0.14492597,-0.55947745,-0.5860465,0.34504464,-0.67820525,1.0044963,0.35038584,0.50868255,-1.0735849,0.03688573,-0.5724777,-0.41390172,-0.31093547,-0.060856655,-0.04889793,0.78555924,0.8736768,0.49617368,-1.120245,0.20385106,-0.6949568,1.2278789,-0.66855323,-0.3151978,-0.07800824,1.4250411,0.9997871,0.19810924,-0.46299714
0.035203345,1.1306328,0.58093655,1.1711457,0.40029806,1.1912228,-0.09939066,-0.45887762,0.9871846,0.39082548,0.85297775,-0.57139313,0.35897037,0.58747923,-0.13818371,1.0108428,-0.040099546,0.2916126,-0.4442675,-0.4237653,0.5715073,0.45833987,-0.3663957,-0.18884069,0.5192009,0.3822704,1.2145113,1.2414665,0.6352833,-0.41133115,0.090936445,0.030080931,1.1096022,0.074649036,-0.6080317,0.40803134,0.80516416,0.00050181214,0.48173758,-0.7690254,0.15101151,-0.053035896,1.0011394,-0.30903694,0.7373263,0.5264857,1.5689447,0.9138276,0.5913068,0.69553393
0.40563503,1.539357,1.5224304,1.4813097,0.18312354,1.2563237,0.14873283,-0.1809614,1.485338,1.111125,0.07879557,-0.03657634,1.1948061,0.45464408,0.85537344,1.0774789,0.2548679,1.2752316,1.3853407,-0.33264616,0.16045603,1.0695118,0.24485295,0.52975357,0.5286977,1.0167142,1.2686695,1.4634356,1.2740418,0.71569103,0.7379909,-0.16986674,2.1317902,-0.041693095,1.1149864,0.5803652,0.78876245,-0.08249356,0.59455293,-0.5374325,0.48943964,-0.4540832,0.98426145,-0.54162455,1.3848839,1.3348262,1.0382253,0.59768313,0.75452775,0.973442
-1.1072094,0.7848125,-0.16129543,1.1106755,0.6999139,0.8774297,0.025125152,-1.0230863,0.96683484,0.93123794,0.27439767,0.057605352,-0.07595917,0.09450155,-0.45850983,0.8036006,-0.055479776,-0.26241276,-0.07762899,-0.332794,0.48380625,0.95915717,-0.2553486,-0.7977855,0.60189176,-0.08219201,0.9616559,0.2819805,-0.30065817,-0.9858136,0.059127685,0.002297849,0.8707906,-0.27297226,0.8941977,0.7614477,0.45418173,-1.0177405,0.4478609,-1.1752135,-0.2101118,-0.29087123,1.1995335,-0.10202096,-0.2813953,0.25352213,1.1376426,0.24952081,0.50990075,-0.497318
-1.3074831,1.2935699,-0.34194633,1.4568374,1.3790337,1.0753443,0.39458597,-0.52567804,1.0739739,0.49450132,1.15861,0.0100083565,0.83656365,0.5753554,-0.39146635,1.2042925,1.0657665,-0.039919324,-0.40955186,0.23926698,0.7906257,1.0045127,-0.56681895,-0.89294,0.84445757,-0.6469228,1.4924473,0.23795588,0.29307258,-0.34821326,-0.048801064,-0.07067626,1.2587221,-0.087524846,0.8166732,1.0922343,0.89218664,0.9692611,0.8371006,-0.40461537,0.15370712,-0.29316324,1.157518,0.38012233,-0.4018849,-0.11066545,1.2424738,0.51068836,0.61420226,-0.4579612
-1.1026613,1.2964237,-0.096628375,1.5487857,1.3559313,1.0754848,1.2715446,0.568327,1.3727447,-0.54430676,0.9307017,0.7005659,1.7799766,0.87821716,0.2668734,1.2348877,0.5221263,-0.49626884,-0.22455655,0.41681626,0.8538718,1.5563895,-0.8175451,-0.40248528,1.5257361,-0.3992564,1.486869,0.010483712,2.127065,0.08389903,0.6570357,0.34575662,1.2404486,0.38530347,0.29398233,0.8658052,1.1616211,1.0048243,1.5425013,-0.48119575,0.029042905,-0.27613312,1.3552897,0.85331684,-0.25517818,0.71241933,0.90417916,0.23228793,1.1527678,0.34024885
-1.5664203,1.0983914,-0.53686565,1.0134648,1.0109278,0.46562025,0.85839224,1.1534064,0.8072586,0.20601945,0.08771522,0.68727237,1.1951859,0.83800936,-0.040122047,0.6334119,0.04601739,-0.59265834,0.15346579,0.053332373,0.51518553,1.4427754,-0.23636943,-0.63984036,1.2259728,-0.12614729,1.3146139,-0.18626875,1.2840562,-1.0756824,-0.24932404,0.33816674,0.957367,0.28648674,0.74230623,1.0964354,0.6126391,-0.06106836,0.76530516,0.58570427,-0.21138714,-0.6071677,0.9048033,0.57367533,-0.4708411,0.7225781,0.08601015,0.065157086,1.035951,0.2705093
-1.5899063,0.6021723,-1.1017222,1.0076857,2.0625043,0.9484566,1.3621062,-0.3360961,0.81832653,0.88682985,1.1292981,1.1615615,-0.49082282,0.7223643,-0.31102717,0.8806904,0.8977244,-1.3359468,-0.094389424,0.9873354,1.2114296,1.2232453,0.47369054,-0.6140681,1.4847337,-0.24984723,1.0736179,0.3369068,-1.4277713,-2.004122,0.068832636,1.4230996,0.046390504,0.7912491,-0.045241322,1.4552872,0.8115706,-0.94364685,1.1628643,0.48748657,-0.22622743,0.5329708,1.3793976,1.3924453,-0.23448423,0.45164627,0.33763072,0.0133074885,1.1112016,0.39371106
-0.109669976,0.864414,-0.7682129,0.83418506,1.7632153,1.5960672,1.3630395,1.0385474,0.9245406,0.9364986,1.5663297,1.2101517,-0.2153126,1.0177292,0.61451113,0.8283394,2.0635085,0.11328342,1.2249717,0.90506625,0.64779764,1.187807,1.0693861,-0.2373551,1.081643,0.088443644,1.1653898,0.9974503,-0.4400386,-1.4620051,0.4809305,1.25943,0.38167447,1.0522653,0.19911703,1.8541151,0.8567156,0.81699383,0.6247725,0.6258081,0.34141356,0.70681655,0.52905875,1.6959059,0.78622854,0.14677106,-0.15013471,0.080653735,0.8197843,0.61090136
1.1496847,0.18634401,0.30159765,0.41980448,0.67589235,1.3680456,1.5606099,1.345606,1.0296383,0.6464454,0.34868613,1.2910208,1.5180757,1.1310022,1.6714703,0.5064613,1.9777923,1.1668364,0.18944263,0.681894,-0.13746408,1.3193655,1.474148,0.7086915,0.56193656,0.7982947,0.7830612,1.1882817,1.6949482,0.116038814,0.7867574,1.0517881,0.079979114,1.15379,1.2553691,1.351796,0.6855525,1.7388883,0.24584123,1.1160089,0.45225197,0.76483625,0.09377453,1.3046573,1.4994237,0.092603326,-1.0131986,-0.039307777,0.37355018,1.0211284
-0.043117672,-0.5045982,-1.17902,-0.69258213,-0.17209324,0.6901032,1.0635306,0.5060288,-0.2246124,-0.009325702,0.16994627,0.94162595,-0.10061425,0.062142015,0.39660352,-0.75218,-0.21338138,-0.5219527,0.08951065,0.35761204,-1.0007716,0.61656386,0.9458856,-0.28621313,-0.20632987,0.44027972,-0.3190781,-0.094666876,0.9528315,-0.17634931,-0.3006118,0.42078486,-0.7599194,0.47816768,1.2838736,0.6250619,-0.11155547,-0.2920983,-0.769775,0.73843384,-0.2372417,0.78535765,-0.68254066,0.7632718,0.4885483,-0.6027232,-1.5525496,-0.7076694,-0.3281454,-0.22511414
-0.13873202,-0.77534044,-1.1849259,-0.62320125,-0.46713355,0.46129516,0.92294574,-0.269889,-0.43120348,0.25982156,0.4736874,0.3511329,-1.8077649,-0.25577208,0.17446914,-1.0237595,-0.45508826,-0.04189171,0.19485243,0.6270831,-1.2758217,-0.04199195,1.0083699,-0.058667134,-0.49890736,0.35343534,-0.70418847,0.39792827,-1.0773771,-0.46941507,-0.004006315,0.081155844,-1.0724008,0.39232895,0.6903012,0.63777363,-0.43893698,-1.6653837,-0.9321863,1.1579645,-0.076810084,1.0240991,-0.8558212,0.3011238,0.6705272,-0.2956298,-1.3783331,-0.76762855,-0.7258403,-0.44917813
0.8240409,-1.064632,-0.43346286,-0.7593802,-1.0025121,0.35207283,0.58072907,0.65547466,-0.3712069,0.6956017,0.48963565,-0.18295811,-0.73863965,0.28745806,0.2826101,-0.9698213,0.9992832,1.0246532,0.77038234,0.40570623,-1.5918818,-0.56898916,0.9184229,0.42832005,-0.895047,0.45573917,-0.8705284,0.5021733,-0.7061319,0.08580289,0.43689558,-0.5155537,0.23310442,0.39667198,0.66459197,0.700098,-0.618767,0.25721148,-1.1126481,1.5769879,-0.013333071,1.0430481,-1.2912012,-0.5916259,1.3131543,0.12434718,-1.5005043,-0.80231,-0.9837094,-0.0984755
1.1826782,-1.1363707,0.3076028,-1.1649146,-1.8822609,-0.32505512,-0.16101792,1.5211228,-0.40568662,-0.0038600892,-1.2256178,-0.49929094,-0.15185504,0.29621416,0.74846804,-1.3716079,0.40062562,0.5719912,-0.14211516,0.11129041,-2.1207697,-0.8002223,1.3153539,0.82461995,-1.6094742,0.44495633,-0.82149464,0.56378686,0.1159137,1.5253812,0.6728537,-0.8292101,0.13372612,-0.08647741,1.0860333,-0.42362326,-1.0003246,1.9228351,-1.484757,1.7894293,0.49465692,0.12704629,-1.925071,-1.3708303,1.5427791,0.51526445,-1.9443454,-0.9469993,-1.2532079,0.32611954
-0.36310837,-1.241413,-0.69592774,-1.45419,-1.4627415,-1.0864378,-0.37163025,-0.049280133,-1.2369949,-0.89974236,-0.80163455,-0.5699415,-0.9967742,-1.0956557,-0.16217892,-1.8825846,-1.6501226,-0.8005733,-0.60211426,0.36625084,-1.6582488,-1.2542278,0.61872613,-0.28024647,-1.5006762,-0.23664126,-1.0767806,-0.80390215,-0.29998556,1.045511,-0.45699623,-1.125354,-0.89241505,-0.5709297,0.17052633,-0.9579923,-1.2850145,-0.41698408,-1.681708,0.9400186,-0.36993474,0.7230738,-1.8224865,-1.0737692,0.19947278,-0.022367954,-1.7469152,-1.187785,-1.6165823,-0.24089026
-0.20757125,-1.5309172,-0.46450603,-1.4432131,-1.4011965,-1.1547405,-0.732489,-1.2565736,-1.4209716,-0.35106316,-0.42924672,-0.861349,-1.7936809,-1.1114694,-0.8796938,-1.6501657,-0.7717545,0.37711114,0.23457962,0.43227738,-1.5014501,-1.4029506,0.88867617,-0.15919474,-1.670427,-0.9005743,-1.0446281,-0.8062009,-1.7602291,0.27473706,-0.38491708,-1.1394893,-0.9882329,-0.79206663,-0.19399245,-1.0192121,-1.2414122,-1.4565643,-1.6287757,0.46189213,0.07286813,0.75265664,-1.807428,-1.410157,0.25591302,-0.027009305,-1.5382231,-1.110442,-1.6501305,-0.7032191
0.8813941,-1.5306743,0.54282117,-1.3674397,-1.8193882,-0.9660658,-1.2418787,-0.060239032,-1.411945,-0.42361915,-0.6732608,-0.86364096,-0.9470526,-0.8288433,-0.42729658,-1.5357213,0.11222325,0.6483139,0.5192082,-0.0570498,-1.5117879,-1.769834,0.13399614,-0.08347102,-1.9386306,-0.2802331,-1.0575712,-0.31722805,-0.78964806,1.1200198,-0.56230015,-1.119505,0.50786084,-1.1160567,-0.49470404,-1.3629702,-1.3899171,1.2611849,-1.8453598,0.21596736,-0.38535473,0.7494585,-2.139194,-1.3467988,0.6715939,0.77011,-1.2037336,-1.35401,-1.9777535,0.04778186
0.1829289,-1.50326,0.68791264,-1.5615706,-2.2781878,-1.2496957,-1.1817651,0.99041903,-1.4356757,-0.47267303,-1.1372721,-0.8391931,-0.5153513,-1.2618753,-0.18422328,-1.7449613,-0.8246452,0.3152812,0.027580032,-0.05145254,-1.6354764,-1.8495703,0.13407773,0.26990628,-2.0985055,0.12762539,-1.0831641,-0.91246605,0.10567503,1.6340626,-0.44967434,-1.3930186,0.1032529,-1.0650389,0.30236802,-1.3449746,-1.4900203,0.7123987,-1.7408639,0.031428654,-0.07083918,0.33247375,-1.8584929,-1.596142,0.7028838,1.0688341,-1.2449765,-1.4367882,-1.6043624,0.09530118
-0.62775016,-2.0846364,-0.17876497,-1.6655935,-1.6848797,-1.3826216,-1.1212982,-1.3364968,-1.8642318,-0.2881061,-0.7664287,-0.84944975,-2.3381498,-1.6832813,-0.97281337,-1.6494268,-1.5513686,-1.0225093,-0.9726027,0.1310181,-1.0667729,-1.9928665,-0.06055386,0.011777162,-2.1306973,0.022874191,-1.3591821,-0.87328273,-2.2036307,0.53162944,-0.83870137,-1.5426226,-1.3771853,-0.72170955,-1.2660496,-1.7651113,-1.6082393,-0.8682878,-1.2762998,0.28859064,-0.31147212,0.7862638,-1.2328585,-1.4736212,0.048238516,0.99641776,-1.1571277,-1.3518964,-1.63121,-0.68118984
-0.7177371,-1.3029205,-0.008337733,-0.60986745,-1.0621779,-0.90391386,-0.8144485,-0.4512692,-1.2148271,-0.2380616,-0.14460562,-0.8854531,-1.2873813,-1.451464,-0.15736687,-0.9344918,-1.210168,-0.18381757,-0.958962,0.15621634,-0.32927498,-1.1954008,-0.39358652,0.09018744,-1.7434044,0.17390685,-0.3654471,-0.06861433,-1.0445311,1.7833061,-0.1717535,-0.6550262,-1.6769696,-0.41373754,-1.757924,-1.4003475,-0.7838023,-0.5081612,-0.13895002,0.4646824,-0.13176551,0.99363685,-0.2384942,-0.9820247,0.2922045,0.52615017,-0.8629362,-0.654062,-1.1149721,-0.4125899
0.4612152,-1.4489477,0.63659585,-0.3348944,-1.3149557,-1.4215193,-1.541867,-0.64919245,-0.7730979,0.3166298,-0.9213723,-0.9298031,-1.3090613,-0.8923031,-0.35375032,-0.8982046,-0.97114265,0.4795893,0.18187554,-1.5333533,-0.32734883,-1.1478782,-1.0595974,0.18784104,-1.6883554,1.0332398,-0.8888593,0.1333974,-1.3252351,0.82911605,-0.5317347,-0.56735975,-0.007435047,-0.49436465,-1.3162948,-1.2795969,-1.1190472,-1.1705314,-0.5419414,-0.45311543,-0.5795828,0.19324787,-0.43035254,-1.1032177,1.2220819,0.5395896,-0.9368671,-0.5895627,-0.575021,-0.28621382
0.39101407,-1.5287616,0.50559914,-0.9844081,-1.1053187,-1.9561723,-1.8165536,-0.47831744,-0.5913857,-0.9001864,-1.7156316,-1.1552012,-0.48025185,-1.5038836,-1.1133381,-0.78345925,-0.8792928,-0.29247016,-0.875359,-1.7161196,0.019359076,-1.2500321,-1.3844457,-0.40398476,-1.8222677,0.06443059,-0.6456525,-0.9076944,-1.1240116,0.5909719,-0.94956577,-0.8046301,0.11909165,-0.9536785,-0.720255,-2.0412395,-1.0603822,0.22393914,-0.34862617,-1.0162184,-0.8858376,-0.7303229,-0.023270063,-0.7986154,0.26468366,-0.021808755,-1.1729354,-0.55088043,-0.5650043,-1.1065247
-0.49145922,-0.6526594,-0.71099025,-0.870861,-0.25913054,-1.6490916,-1.6202697,-2.0888565,-0.7766702,-2.2558634,-0.7550191,-1.3352561,-0.34665865,-1.4829744,-1.17674,-0.37718463,-1.335953,-0.97512925,-1.4707359,-1.1746429,0.359362,-1.025682,-1.0167719,-1.2997987,-1.1438597,-1.1864048,-0.22171336,-1.3851038,-1.1169118,0.25389138,-1.1755772,-0.56927466,-1.0867735,-1.1958407,-1.4430809,-1.7556479,-0.5266451,-0.3225125,-0.13505763,-1.3904959,-1.1923243,-0.88442016,0.35924956,-0.20563516,-1.3248643,-1.4582042,-0.9288994,-0.24228473,-0.5533067,-1.7914617
-0.5272022,-0.97950524,-0.47887373,-0.58778435,-0.5496362,-1.6952633,-2.1028945,-1.9594089,-0.5644335,-1.8836552,-0.88027257,-1.6018146,-0.024401883,-1.5270184,-1.0603405,-0.44923913,-1.4838066,-0.66859514,-0.99985087,-1.5285797,-0.0056809383,-1.2823149,-1.1753213,-1.3446894,-0.94164634,-1.5846193,-0.14774546,-0.7876019,-0.3832775,-0.20519766,-0.993877,-0.91959214,-0.76926553,-1.3817736,-0.9494811,-1.6560546,-0.3836574,-1.2617521,-0.78692716,-1.9219167,-0.8992866,-1.5028614,-0.22039527,-0.48110768,-1.1664002,-1.5317948,-0.83578986,-0.088871166,-0.41286767,-1.788526
-0.5913905,-0.6631029,-0.7566741,-0.47811154,-1.0376456,-1.4373031,-1.4205549,-0.8507105,-0.8017406,-1.347154,-1.5803554,-1.344787,0.30969188,-0.6809851,-1.0279568,-0.10902587,-1.1634109,0.35211334,-0.28277,-1.5887978,-0.38810804,-0.65217555,-1.8362476,-1.4218813,-0.5671002,-0.9160338,-1.0945258,-1.3913383,-0.73172855,-0.42969212,-1.4791937,-0.86702013,-0.8293481,-1.0044408,-0.778696,-1.0800639,-0.48882788,-1.472906,-0.38782817,-1.5149423,-1.5812442,-1.8086839,0.24134311,-0.92888993,-1.619463,-1.2843865,-1.115757,-0.41340566,-0.07225241,-1.073087
-1.1051023,-1.1402869,-1.6871502,-0.61545277,-1.4010943,-1.6517316,-2.0914166,-0.41605416,-0.8802369,-1.0496709,-2.1122885,-1.5628508,1.1041615,-0.855668,-1.722582,-0.109080605,-0.297125,-0.9433996,-0.72006786,-2.289089,-0.75117606,-1.0723552,-1.9158078,-1.8951234,-1.0732656,-1.4883248,-1.3682158,-1.5725915,-0.62411046,-0.9323764,-1.757598,-1.4875786,-0.5875258,-1.3242923,0.108944975,-0.80900306,-0.8975218,-0.87413496,-1.2818605,-1.53072,-1.9239911,-3.2185593,-0.22831954,-1.2077348,-1.7530375,-1.1765916,-1.4684803,-0.7701089,-0.18788806,-1.5297116
-1.8012035,-0.36919674,-2.026243,-0.053625718,-0.09085706,-0.9388234,-1.6064205,1.3299702,-0.5263496,-1.1202115,-0.1781095,-1.1980996,0.86549145,-0.484983,-1.0691193,0.3726419,0.5438867,-1.0986605,-0.2890427,-1.6673073,0.16469845,-1.2022493,-1.2325035,-2.2253525,-0.1804574,-1.0668969,-0.97877157,-1.0108597,0.23993613,-1.3772994,-1.7629168,-0.55594015,-1.3520266,-1.2047567,-0.2580412,-0.14290409,-0.57258284,1.2082764,-0.8445004,-0.55891764,-2.3143022,-2.0011055,0.0812537,-0.24828109,-2.0457635,-1.4107282,-0.6635397,-0.5426199,0.43857962,-1.3991588
-0.5891035,1.2709523,-1.4606419,1.0474288,1.2573735,0.7229064,-0.104032256,0.6392806,0.6827681,0.83179796,0.86161375,0.28147548,1.1167897,1.0794612,0.028482102,1.5263349,1.5175875,-0.085026875,0.9988884,0.03692079,1.3480891,-0.7564272,0.3888553,-1.2084242,0.9160628,-0.6318268,-0.050336823,0.6940844,0.07421167,-1.1184063,-0.74683243,1.2588382,-0.7800778,0.41205144,0.11857299,1.3354895,0.20493083,0.35203215,0.29182285,0.7725513,-0.98374873,-0.46546328,1.1490432,0.92827916,-0.940497,0.5764035,0.82810307,0.3722538,1.5627507,-0.24914826
0.7049148,1.8827485,0.109532006,1.101442,1.5231631,1.8251561,0.6094363,1.7147183,1.0989485,1.0281501,2.4207888,1.1032685,1.99377,1.5475177,1.4591551,1.5773723,2.0520735,1.3149794,1.4354892,1.1568584,1.3084688,0.077066146,1.5975398,0.18496704,1.278458,0.8371615,0.99776137,1.3626387,1.2454557,-0.23085141,0.75819516,1.4147786,0.69263744,1.0871627,0.35461468,1.9958282,0.76400447,1.2335198,0.83577466,1.7033366,0.05420183,0.68192434,1.1009709,1.1917492,0.17704839,1.3417231,0.9804085,0.9129218,1.4935647,1.4247204
1.7058975,1.0296888,1.6776711,0.3730232,0.84680086,1.2636257,1.3306997,2.28308,1.1592003,0.5599862,0.54337424,1.7030251,1.5518458,1.4255179,2.2301877,0.91161394,0.73445976,1.7005376,0.99656516,1.2401625,0.44104075,0.8020081,1.1457378,1.6257168,0.9374396,1.741322,0.4624165,1.0990134,2.7051387,0.9222117,1.1898756,1.7405161,1.408889,1.4296746,0.71557903,1.182689,0.7199201,0.95531946,0.63279253,1.7876537,0.5902203,0.9970215,0.65309393,1.1724443,1.1907209,1.534889,0.36023137,0.576568,1.3499911,2.274722
0.183597,0.6060886,0.73444015,-0.40592185,0.64835745,0.7755657,1.6681991,0.55206317,0.063792214,1.0241876,0.70975894,1.5576365,-0.74943215,0.18138908,1.9021883,0.064747795,-0.16881262,0.539404,0.7006855,2.0567286,0.20173426,1.0081882,0.95572865,1.2195766,0.2738547,1.4915718,-0.46322176,0.56385654,0.71857524,0.7817776,0.16532958,1.4510567,0.19723818,1.4446964,0.29738146,0.75488615,0.3008773,-0.67711914,0.40572894,1.7588123,0.62424856,1.2434919,0.8672408,1.2545763,0.4222233,1.1894345,0.020021366,0.1518283,0.5858328,1.267341
-0.1294815,-0.22775379,0.59366643,-0.42116046,0.46008644,0.27736688,1.5141689,-0.39668414,-0.2910201,1.1914011,0.65731263,1.0792217,-0.59735554,-0.40799364,0.9939473,-0.10842382,0.23008695,0.19813877,0.39375392,1.9099537,0.31059858,0.887379,-0.05666558,1.2290733,-0.087403126,1.0826229,-0.7276146,0.19218977,-0.6213826,0.7760983,0.36975527,1.017564,0.42950484,1.3116463,-0.14043446,0.24973026,0.23291343,-0.83187366,0.53539705,0.94618255,1.023516,1.139872,0.46379727,1.207602,0.26814452,0.5547252,0.04908299,0.23404573,-0.023781287,0.73138225
-0.13325879,-0.78812164,0.2592886,-0.8732178,-0.23892874,-0.4451744,0.69553286,-0.47147685,-0.6394213,0.16130391,0.325079,0.43742633,-0.42059225,-0.2452589,0.11704974,-0.47838384,-0.047096163,-0.14797163,-0.6289641,0.51186407,0.0118982745,0.46392262,-1.1749951,0.61431795,-0.5179732,0.5648762,-0.56007403,0.0074187065,-0.4615996,0.5083636,-0.4453917,-0.0679258,-0.096760325,0.73897946,-0.23360881,-0.65046376,0.02158689,-0.06407923,0.19727181,0.3412254,0.47810653,0.59845275,0.10672628,0.46631703,0.2413585,-0.18692154,0.070738755,-0.13940512,-0.33402827,0.33853042
-0.06678357,-1.3487628,0.736872,-0.79928476,-1.0628519,-0.9677509,-0.55704176,-0.5578916,-0.32572305,-0.678795,-1.5389404,-0.07949386,-0.045543853,-0.40784723,-0.2746767,-0.6901141,-0.65512365,-0.6634069,-1.8126155,-0.7905864,-0.50116605,-0.0037622845,-1.668997,0.6781708,-1.3781745,0.033196654,-0.2357983,-0.07467468,-0.45988068,0.884683,-0.3800128,-0.08251366,-0.5570787,-0.24088493,-0.4443899,-1.580304,-0.2512114,0.7205368,-0.40359023,-1.4453121,0.5199028,-0.5043474,-0.21931796,-0.6049827,0.20390551,-0.4186349,-0.33500034,-0.3836741,-0.5367711,-0.2149229
-1.478489,-1.0765936,-0.90695184,-0.6051538,-0.6761579,-0.7633768,-1.0749831,-2.252123,-0.6696269,-1.3220464,-0.7981676,-0.6999165,-0.03275739,-0.26675382,-1.080304,-0.3119169,-1.0285333,-1.0692034,-1.8503182,-1.3929994,-0.34746373,-0.24525933,-1.556101,-0.69235337,-0.96092886,-1.3273573,-0.36259204,-0.771232,-0.7386042,0.175833,-1.1000789,-0.79937285,-2.0228302,-1.0378056,-0.86481327,-1.0556582,-0.25934264,-0.27182946,-0.45639426,-1.2925066,0.00234778,-0.8205639,-0.27639186,-0.7912864,-1.3525748,-1.082814,0.06445654,-0.2691801,-0.8925364,-1.0561892
-0.8529487,-0.79100573,-0.96767336,-0.38254735,-0.49319777,-0.84569377,-1.8138292,-1.686972,-0.6177319,-1.8076831,-0.7604087,-1.2010028,0.40027317,0.10539543,-1.4767125,-0.24853739,-0.93394035,-0.2607834,-1.0633081,-2.1842194,-0.2966035,-0.521952,-1.4932631,-0.89106566,-0.9742533,-1.3245466,-0.13860929,-1.0197413,-0.4208691,-0.5912945,-1.0895106,-1.0003302,-1.7300882,-1.1577243,-1.1056345,-1.0713584,-0.2083483,-0.21484107,-0.8805586,-1.5477407,-0.3240226,-1.2324849,-0.7736817,-0.96779174,-1.6114272,-1.1343535,-0.014071139,-0.12124481,-0.54876393,-0.84467924
0.24503583,0.07562446,0.22050327,0.27316508,-0.64057493,-0.894056,-1.4557958,-1.0145705,-0.021497978,-0.7869116,-0.97347194,-1.0225905,0.5472858,0.56071305,-0.4833504,-0.117290385,-0.4096565,0.33037424,0.20225357,-2.1670687,-0.3373941,-0.5263037,-0.9144802,-0.25853524,-0.44026548,-0.60563296,-0.09401185,0.16143523,0.37494457,-0.14666197,-0.094010256,-1.2087729,-0.18676628,-1.0588053,-0.22796658,-0.6939478,0.1542686,0.2796621,-0.64295125,-1.8845524,-0.59911865,-1.6489899,-1.0029349,-1.0833818,-0.36554602,-1.012355,-0.25772402,0.030454092,0.11111562,-0.09589786
-1.4066691,-0.007195101,-1.0583959,-0.007231885,-0.69776917,-1.178051,-1.32013,-1.0672709,-0.3186421,-0.09827855,-0.8649862,-1.1743393,0.40157083,0.41396773,-1.4927093,-0.26071525,-0.19760047,-0.6754127,0.22727805,-2.1087303,-0.22796898,-0.5773113,-1.6176609,-1.0950574,-0.19529842,-0.94184,-0.04101031,-0.9893002,-0.2232329,-1.7116693,-0.74928457,-1.2411169,-1.2652931,-1.1766037,0.09238064,-0.18391944,-0.1586181,-0.10439875,-0.4955321,-1.7903425,-0.7587387,-1.938422,-0.44823602,-1.4641149,-1.6164999,-0.09744972,-0.19599998,-0.15241064,0.47755638,-0.90181696
-1.2826608,0.42721292,-1.5223559,0.6431858,0.07498567,0.05552393,-0.74785167,-1.2799921,-0.03884946,0.06333279,-0.14328186,-0.73643553,0.6614461,1.0481852,-1.7232323,0.37195775,0.9434336,-1.2004955,0.10491033,-1.1026812,0.5156488,-0.6442695,-1.4368967,-1.1243596,0.38295966,-1.346185,0.38871214,-0.26390395,-0.46283272,-2.2075126,-0.40346357,-0.25412118,-0.94252306,-0.5862836,-0.10859989,0.48837295,0.10348851,0.7053297,0.36389634,-1.6698786,-0.5650903,-1.3629159,-0.08290558,-0.7725658,-1.6593575,-0.36086965,0.8752452,-0.0066753123,0.6557684,-0.48192373
-0.12303183,1.5239346,-0.3080743,0.98753977,0.23911257,0.8560852,-0.23518252,-0.7051038,0.1261491,0.026166622,0.4753894,-0.17067687,1.2041427,1.4569696,-0.61099964,0.7026477,0.67115116,-0.19470856,0.5821677,-0.26176164,0.642775,-0.2849107,-0.51374257,-0.51716423,0.7978943,-0.5997206,0.5050227,0.9352446,1.1929171,-1.3707811,0.29011247,0.2503959,0.15579565,-0.3299426,-0.32174483,1.0255572,0.3209965,0.6920862,0.90994406,-0.74911296,-0.26602376,-1.2909577,0.1406977,-0.27048033,-0.77885646,0.3586515,1.4284887,0.25051293,0.7830789,0.4892748
1.24386,1.4971578,1.101499,1.1034436,0.123947985,1.1356708,0.18003836,1.2175893,0.45266956,0.8813301,0.061744206,0.5854316,1.554093,1.6890796,0.8086186,0.79134065,0.63804823,0.50325793,2.23614,0.057958033,0.51030916,0.1822194,0.33455533,0.91187096,0.9106463,0.8693647,0.8998842,1.5380058,1.9625736,-0.54992586,0.959996,1.0281829,1.2901115,0.31228945,0.81391245,1.0835937,0.46779805,0.28348023,1.2095302,0.34723714,0.45645478,-0.6413879,0.058414564,-0.14336573,0.32072094,1.1601698,1.6108772,0.3505995,1.087602,1.3816404
0.13092047,1.1677315,0.27713037,0.7087893,0.42697507,1.0490006,0.9467339,0.047535088,0.32690322,0.7011015,0.2967441,0.7024759,0.23006134,0.8552873,0.70333886,0.84796077,0.22734378,0.10462208,1.9159328,1.083038,0.4956314,0.48604554,0.6196234,0.5878897,0.9480919,0.65891725,1.0202358,1.238506,0.30009764,-0.8106905,0.73488253,1.3539553,0.98032665,0.5859515,0.89895993,0.8951483,0.56512654,-0.61991256,1.7864177,-0.019709494,0.8345343,0.2381285,0.7800977,0.1241671,-0.11053376,1.065572,1.7400202,0.63356155,0.99688333,0.6219041
0.42544654,1.3723516,0.7542919,0.9385631,0.5527819,1.1504154,1.1095681,-0.41095862,0.58577204,1.0612513,1.4623511,0.68324226,0.012406664,1.1763055,0.115228966,1.0852234,0.7827272,0.75876737,1.4016696,0.90420026,0.4600341,1.0538211,0.10998669,0.87135375,0.8113993,1.0799817,0.6127974,1.6047393,-0.30103183,-0.77500117,0.49678308,1.7084159,1.7114221,0.6173746,0.8821368,0.8115367,0.8167236,-0.08402081,1.6494567,0.2589376,0.66007394,0.52724075,0.52778995,0.34512398,0.07855648,0.61666584,2.3506718,0.87167287,0.82153326,1.1595573
0.64396423,0.12580802,1.2111799,0.6744056,-0.33519882,0.18943293,0.037057076,1.0513561,0.72260636,0.060599983,-0.051626854,0.51875377,1.538458,0.75284964,0.48777226,0.64892834,0.5597601,-0.14565623,0.21579467,0.19005334,-0.27895114,0.65912795,0.010006206,0.76773345,-0.08252834,1.0509043,0.6192103,0.8362589,0.71752894,0.9183072,0.5070752,1.2836272,1.6731473,-0.34258848,0.60121614,0.1363425,0.5282949,1.7796223,0.67216563,0.097025506,0.48167166,-0.32445174,-0.051830955,-0.25202522,-0.11069969,0.83933884,1.5590361,0.5182803,0.57056916,1.1181241
-1.9535543,0.113239355,-0.5220265,0.11190051,0.036093622,-0.34243968,-0.4271528,0.12752806,0.1746631,-1.1828611,0.5439731,0.4860165,1.0912168,0.025565494,-0.6492359,0.26665363,-1.1518217,-1.1793138,-1.1446543,-0.2465751,0.027502568,0.26426148,-1.1260245,-0.6782958,-0.1840864,0.12025912,0.33798,-0.85848016,0.8547421,0.21326488,-0.84553975,0.68841463,-0.011126391,-0.99363434,0.42746323,-0.2586523,0.13999875,0.5388154,0.11091193,-0.49715108,-0.4479622,0.18850397,-0.33210114,0.05982645,-1.738554,-0.17180452,1.3069049,0.040677346,0.47455817,0.42523944
-1.7682099,0.35429043,-0.5017777,0.29415047,0.5892432,0.0026961544,-0.37879446,-0.9829502,0.13224126,-0.8921588,0.6033849,0.4906387,0.20711534,0.011245303,-0.47990394,0.53683746,-0.87007695,-1.4108974,-0.61900747,-0.16515082,0.451915,-0.2032327,-0.8582497,-1.0486047,-0.07409676,-0.32404298,0.45771664,-0.718291,0.22625965,-0.44334185,-0.76772743,0.5770734,0.40337747,-1.0396705,-0.30699223,-0.054160196,0.18075137,-0.95529765,-0.25811726,-0.3248135,-0.6904502,-0.03613903,-0.30325297,0.56724924,-1.1596208,0.001919916,1.5884553,-0.007786067,0.6427534,0.16308364
0.21939135,0.8784095,0.17993127,0.7722943,0.4075086,0.8817548,0.08725693,0.73647976,0.67638886,0.5201214,1.107456,0.7056656,0.29393035,0.7653834,0.2273366,0.81952757,0.18884699,0.23707192,1.3360219,-0.19070812,0.34129518,-0.39812598,0.15724427,-0.6343735,0.5210606,0.57153976,0.42623782,-0.2742135,-0.47733128,-1.0477376,-0.571418,0.99824125,1.4601489,-0.5946376,0.116933815,1.09715,0.14654444,-0.87749493,-0.21450958,-0.49717644,-0.7211452,0.24108678,-0.36904117,0.38676086,0.045014713,0.961356,1.4312468,0.08633692,0.77815,1.0616785
0.6500028,0.45635763,0.15725064,0.9418239,0.17572916,1.0352671,0.47841215,1.4675498,0.9414455,1.2167821,0.27496502,1.2478931,1.1754682,0.8203507,0.65599877,0.8097853,1.5954751,1.3043886,1.0951364,0.0064210068,0.25651997,-0.011720296,0.8800023,-0.0502638,0.66685283,0.74818474,0.10541743,0.518996,0.01961789,-0.8499617,-0.3030294,0.99051213,1.4458025,0.18516639,0.4932374,1.4234538,0.0844192,-0.057642944,-0.080435745,0.37354183,-0.45459974,-0.0975434,0.054296814,0.6493015,0.6932835,0.31715894,1.0353651,0.17341793,0.80699646,0.9637042
0.24321142,1.228814,-0.6060738,0.8778346,1.1991171,1.6004485,0.897871,1.9391314,0.98861986,1.4713088,1.2220247,1.6272366,0.65223604,0.49728253,0.89042336,0.6050881,1.9635834,0.8222695,0.5272731,0.8081597,1.2603637,0.11539984,1.6214404,-0.38255468,1.4593488,0.36114082,0.05062965,0.6327843,1.3191068,-0.39539033,0.032499503,1.3682994,-0.8701099,0.6168892,-0.0606496,1.4899793,0.05591165,1.6711655,0.507081,0.7118501,-0.35718137,1.4161383,0.4914484,1.7396936,0.03688409,-0.22261706,1.1956382,0.23641822,0.20905726,0.2310093
0.39103976,1.7600068,-0.47919634,1.062958,1.9840461,1.8857353,1.4507,1.5847821,1.4801071,1.2818912,1.9145432,2.048829,0.31785747,0.18147694,1.397834,0.75302833,1.1954658,1.0173211,0.39425173,1.4561111,1.9109896,0.6014627,2.0292478,0.17053455,2.1446536,0.29867297,0.47455415,0.9746369,1.6346372,0.5459568,0.55135185,1.8549211,-0.5156362,1.1709833,0.004641463,1.7424814,0.22133256,-0.01636344,1.147252,1.3753778,0.73630434,2.3017046,1.0702553,2.4805803,0.65158737,0.0012861573,0.86482596,0.5722005,0.31522128,0.4178168
1.2401599,1.8713942,0.3489937,0.7212837,1.5538436,1.4033483,1.5179527,1.0479357,1.0216323,1.6142346,2.2007287,1.8143203,-0.2923795,-0.13397725,1.5455117,0.261071,1.159219,1.9693391,1.320058,1.4659116,1.0412452,0.8314649,2.1137567,0.7784485,1.9371681,0.76582503,0.17632529,0.5156175,1.124871,0.8662575,0.8476465,1.0241095,0.060553744,1.2718949,0.6676978,1.4605929,0.07554875,-0.43182027,0.6824527,2.2780066,0.7938684,2.2661252,0.4636297,2.0263188,1.3861877,0.57362616,-0.3782608,0.3087359,0.076136455,0.278099
2.1642861,0.9494498,1.4157768,0.022212218,0.091061324,0.12270311,1.5556909,1.438617,0.49139145,1.8396229,0.15327314,1.3752514,0.28231493,-0.39217994,1.652092,-0.35241848,1.0251738,1.9213159,0.49770176,1.10473,-0.21231593,0.9460325,1.4395614,1.5317807,1.158141,1.4189268,-0.5881707,0.4387834,1.4237356,1.8148006,1.2395055,0.29993892,0.9944375,1.2548038,1.3554453,0.6326413,-0.22886388,0.90638185,0.010244275,1.5692004,0.8002741,1.4904419,-0.3551318,0.9539039,2.0351439,0.62976974,-1.3048108,-0.1995045,-0.2578691,0.5418778
0.6851804,-0.4079349,-0.15868989,-1.2378469,-0.6146129,-0.9601118,0.9987248,0.2735536,-1.2605023,-0.19413173,-0.020171665,0.5251904,-0.93407625,-1.2861522,0.011379835,-1.3622761,-0.79783,-0.13497964,-1.3765124,0.8709969,-1.2821853,0.011806984,0.5346795,0.08862548,0.056908626,0.10407273,-1.6506906,-1.2092491,-0.87693834,1.308954,0.6245707,-0.71870446,-0.087047644,0.15933813,0.037062686,-0.6636952,-1.1999632,-0.19531402,-0.90429795,1.4132494,-0.50219303,1.0155975,-0.87930673,-0.29265302,0.48053622,-0.9573484,-1.8762369,-1.155379,-1.0157357,-0.62195176
0.38782778,-0.5913341,-0.33606523,-1.4606471,-0.8210022,-0.9589884,0.794419,-0.42341825,-1.3091439,-2.0201588,-0.4371578,-0.4472246,-1.5421611,-1.2491072,-0.2849511,-1.4644878,-1.3383571,-0.64038146,-1.6026288,1.0747371,-1.7146437,-0.43521136,0.23288901,-0.079409935,-0.65091044,-1.1362948,-1.3756243,-1.5593563,-0.44971675,1.4527763,0.90787935,-0.9635298,-0.8547948,-0.28991008,-0.94644433,-0.93135613,-1.2137402,-0.62071985,-1.0824927,0.6861796,-0.43845513,0.8160865,-1.1338171,-0.92033947,-0.11577243,-1.9986513,-1.8296821,-1.2274271,-1.6379333,-1.1033982
1.3400654,0.09368811,0.49487922,-1.2949594,-1.1726853,-0.7384654,0.4945316,0.6454232,-1.4253095,-1.7603031,-0.62021565,-0.9290964,-1.812101,-0.8036585,0.044934094,-1.4017378,-1.2501442,0.27090257,-0.7906608,0.82220566,-1.8119024,-0.8524782,0.27473563,0.3335092,-0.8060731,-0.69480354,-1.3216125,-0.84103054,0.11243853,1.2994347,0.90777576,-1.2041425,-0.08100013,-0.4196645,-1.5100974,-0.8190078,-1.021076,-0.5247864,-1.0068904,1.248826,-0.6319006,0.37570202,-1.5898098,-1.6425586,0.3455869,-1.0700643,-1.825162,-1.2066247,-1.3516039,-0.36351922
1.6365186,-1.0329676,0.95831823,-1.4368851,-1.8985612,-1.0968293,-0.1719408,0.47905037,-1.2113823,-0.32547724,-1.5709945,-1.1779492,-1.1527754,-1.140959,0.17655002,-1.8061788,-1.1510512,0.1610494,0.2099866,0.5004372,-2.6834753,-1.1406311,0.23177418,0.8387088,-1.3168244,0.123603016,-1.6871328,-0.870984,-0.4624964,0.97561663,0.55273336,-1.2476275,-0.05798813,-0.31670913,-0.9121079,-0.82100016,-1.4888312,-0.9453705,-1.4747052,1.2470504,-0.082404174,-0.42175528,-1.6028812,-2.3176177,0.9507136,0.06607866,-2.3507996,-1.3532983,-1.3938968,0.023628391
