0,1,2,3,4,5,6,7,8,9,10,11,12,13,14,15,16,17,18,19,20,21,22,23,24,25,26,27,28,29,30,31,32,33,34,35,36,37,38,39,40,41,42,43,44,45,46,47,48,49
2.6091642,3.2514014,3.9528503,3.4174225,3.8612087,4.4124165,4.8274283,4.4355955,5.15857,4.2094016,2.9105215,4.477693,3.0853498,4.271433,4.9809484,3.9496288,3.908789,3.1227162,2.7567148,3.7020557,3.1384873,4.60701,3.4844368,4.340272,2.4578557,3.0402532,4.7264814,3.6385462,4.123091,4.76539,4.8718944,5.369265,2.9343817,4.1952653,3.7319052,4.429076,5.3052793,5.3304877,3.7284276,4.0167947,4.2241364,3.840465,4.8886395,3.1797345,4.068584,3.3562071,3.200229,4.747754,4.8785415,3.427577
1.3700827,2.1912823,2.8375564,2.0769632,2.9209917,2.8303132,3.4125152,3.3118494,3.4377918,2.539133,1.8515899,3.2085524,2.5938559,2.5010114,3.455932,2.4139206,2.5081747,2.1270814,1.6822149,2.7972271,2.2111433,3.6464112,2.3780487,3.102962,1.4294767,2.4787855,3.1584568,2.0476365,3.305123,3.5932708,3.6193552,3.844199,2.4011047,2.9777699,3.102562,2.8540897,3.8243535,3.5093722,2.5939455,3.0994494,2.926709,2.8868382,3.4331431,2.7471805,2.7408276,2.285393,2.0450702,3.0165746,3.0874128,2.5993812
0.72219807,1.457969,1.8822972,0.8911431,2.304934,1.6253631,2.2333603,1.54004,2.1522348,1.4437006,1.2732613,2.4106736,1.3428262,1.2532675,2.3905034,1.3090402,1.5598538,0.82140756,0.6564848,1.9763136,1.6705973,2.8069332,1.4499465,2.2123976,0.93469673,2.0854163,1.9135803,1.1864909,1.8357126,2.1917045,2.5484128,2.9821877,2.1743736,2.0197246,2.5665514,1.5243368,2.7218423,2.0633037,1.7225729,1.6107416,2.12204,1.9908789,2.4601495,2.1684701,1.7909467,1.2690684,1.5295364,2.1573112,1.809791,1.7105193
-0.04555352,0.39937755,1.1043568,-0.26870614,1.7866259,0.6283359,1.0609795,0.7211682,0.8212032,0.14453943,0.5715649,1.7214705,0.7817888,0.5267527,1.1034752,0.39064577,-0.09980814,-0.42167777,-0.29693505,1.179878,1.1590792,1.9862255,0.6043764,1.3026009,0.63770854,1.5456929,1.1862469,0.5112198,1.1502454,1.0642201,1.5414801,1.8944227,1.812671,1.0573505,1.5133836,0.065849505,1.6439009,0.78250515,1.0273968,0.82528317,1.2519925,1.4214944,1.4214563,1.255897,0.8924578,0.60571724,1.0463923,0.93619984,0.6424199,1.1097319
-0.28362292,-0.5430143,0.80805075,-1.1822369,0.8582147,-0.12958412,0.20528466,-0.29420614,-0.24190837,-0.4134651,-0.5213926,0.744265,0.30080396,-0.4117491,0.35428542,-0.5778335,-1.1797047,-1.5929778,-0.4811511,0.06651918,0.01952861,0.91749394,0.1601,0.7368114,-0.3064474,0.9253313,0.14002289,-0.36116248,-0.1278947,0.17043045,0.6794934,0.38540673,1.278036,-0.21440038,0.6131754,-0.8556918,0.40471873,0.6634496,0.0013123719,-0.66397506,0.84657234,0.46834695,0.058157567,0.72456044,0.39210445,-0.0011381651,-0.0031688393,0.18782392,-0.3328983,0.64511675
-0.7422468,-1.0137964,0.36192936,-1.7486643,0.107329294,-0.42542818,-0.46492413,-0.11127684,-0.7773506,-0.9575887,-0.97786075,0.17308739,0.28047684,-0.35666206,-0.09459782,-1.0864787,-1.0978895,-1.6853818,-0.5611136,-0.59953403,-0.6321672,-0.07957048,-0.36854085,0.06667287,-0.8934578,0.47095513,-0.6506985,-0.42267844,-0.042934157,-0.92440844,-0.13348065,-0.2853615,0.684387,-1.0697247,0.7344731,-1.3497013,-0.70426065,0.4108978,-0.6515927,-1.732913,0.22772498,-0.03136956,-0.6672324,0.34475735,0.050142683,-0.6752876,-0.50392336,-0.5278859,-1.1821319,0.27776465
-0.82756484,-0.66772294,-0.07034577,-1.3370649,0.041147154,-0.34543625,-0.82624793,0.26053497,-0.72600055,-1.1294667,-0.2089037,0.028889611,-0.09749071,-0.74501806,-0.4118739,-0.8011227,-0.79685813,-0.9797368,-0.09295249,-0.84603786,-0.30652073,-0.47204745,-0.38897666,-0.6592761,-0.28808635,-0.015731115,-0.6263662,-0.6864558,-0.33681628,-1.1958163,-0.72125196,-0.18823707,0.4622824,-1.4110897,-0.22348092,-1.0209813,-1.1537627,0.31931132,-0.3411532,-1.3347757,-0.4954714,0.45888215,-0.2683836,0.31726757,-0.7428104,-0.69462216,-0.36626068,-0.6935747,-0.8239387,-0.018743807
-1.0523177,0.32031265,-0.27847403,-0.6098557,0.3393591,0.35857677,-0.1006351,0.21538605,-0.15395838,-0.9247454,1.0277317,0.40370372,-0.0061127953,-0.75660896,-0.24080952,-0.20870829,-0.5547129,-0.49457544,-0.59539217,-0.5462469,0.56770796,-0.003835422,-0.95816445,-0.90029037,0.42330095,-0.14323662,-0.27891222,-0.80329716,0.1815876,-1.0488459,-0.37411532,0.62604845,0.7745964,-0.6492379,0.73741966,-0.058287237,-0.75660783,-0.32345673,0.63635224,-0.42293492,-0.5896898,1.1907853,0.850649,-0.20757355,-0.9319239,-0.59934354,0.47857264,-0.42756677,0.3510079,0.09260085
0.3011748,0.7849623,0.12641081,0.36399525,0.30116796,0.4763092,0.5531509,-0.560099,0.32765502,0.6052051,0.74316436,0.14839892,-0.14392284,0.07706147,0.4613303,0.26375738,0.6019769,0.6411032,0.7728526,-0.213651,0.6689344,0.6356631,1.3047849,0.06992772,0.7993648,-0.5430887,-0.20014192,0.9785851,0.32165316,-0.83018005,-0.20955348,0.7398471,-0.24067044,0.33113903,-1.1738131,0.12727721,0.05859384,-0.49139184,1.1025406,-0.6286915,-0.08315903,1.1388489,1.407996,-0.6917268,0.4776144,0.4443539,0.5853391,-0.11585366,0.9677427,0.0043969294
0.090496704,-0.800962,-0.14786968,0.05571328,-1.1602038,-0.37252983,-0.56248,-0.5483831,-0.06432529,0.28086144,-1.2316614,-0.5318656,-0.37955853,-0.21784277,-0.18496361,0.1964405,0.593626,0.14918652,0.40435794,-1.14011,-0.505157,-0.037482534,-0.059312623,-0.5331763,-0.56161,-0.4051088,-0.2129276,0.42270446,-0.40577316,-0.5917844,-0.43021905,-0.26936787,-0.76620877,-0.4231937,-0.25618652,-0.4173567,-0.45632252,-0.3943844,-0.27847686,-0.86007136,-0.47154406,-0.9827798,-0.21799076,-0.86896884,0.22703764,-0.4493476,-0.22320835,-0.41464007,-0.06154668,-0.3595627
-0.33583468,-0.4514509,-0.3251886,0.19588552,-1.2351627,-0.4827534,-0.7846892,0.09915616,-0.18364227,0.14621997,-1.0163143,-0.54470146,0.13996626,-0.20751962,-0.33831164,0.3204699,0.40964958,0.34639272,0.30289835,-1.3848432,-0.64149684,-0.393523,-0.34836018,-0.8347541,-0.44862804,-0.6480019,-0.32248896,-0.23162779,-0.4958105,-0.48535162,-0.54900134,-0.85211444,-0.9768735,-0.6452098,-0.94367796,-0.6587965,-0.7334467,-0.11014976,-0.60788226,-0.26055345,-0.6234666,-1.4322371,-0.6786681,-0.4351058,-0.2551636,-0.7969859,-0.45732585,-0.45874804,-0.30727822,-0.61816657
-0.62217635,0.7660767,-0.64234906,1.2278205,-0.31343,0.6512548,0.45846906,-0.46118096,0.5179991,0.97894603,0.9677434,0.30625492,-0.5112767,0.13915133,-0.002157494,0.94017494,1.4183776,0.7444405,0.7147834,-0.49573538,0.23156564,0.03919685,0.031964332,-0.8199652,0.7808278,-0.4268663,-0.27387702,-0.23836464,0.25054452,-0.46299124,-0.68973607,0.2571458,-1.053492,-0.12630932,-0.9532787,0.800947,-0.40123674,-0.16440466,0.35343024,1.5697609,-0.6657244,0.32493752,0.46797484,-0.2669359,-0.3865222,-0.45966223,0.26976693,-0.28184193,0.6246029,-0.028352614
0.3125863,1.3086666,0.38282153,1.7524359,0.10550459,1.2716055,0.98855966,1.3893293,1.1649548,0.5132255,1.2648208,0.72156096,0.44420344,0.6234644,0.72205514,1.5989186,1.9849423,1.0873063,1.2526693,0.36477876,0.57167304,0.3430378,0.37958223,-7.749655e-05,1.0939039,0.31635717,0.8080941,1.2015252,0.75361717,0.6106085,0.24479151,1.1453027,0.0019106551,0.6199136,1.0619965,1.2580998,0.4082007,0.75565106,0.9774843,0.79140323,0.52513003,0.86462975,0.53472036,-0.27150926,0.6014194,0.27685866,0.6999109,0.48405242,1.0632977,0.6107752
0.113486156,0.7767502,0.7128459,1.5494651,0.18476988,1.283065,0.940409,1.4070221,0.94192785,0.14246193,0.99432737,0.7765513,0.29400033,0.32225156,0.5390001,1.39125,0.9543759,0.46964318,0.6772938,0.5811575,0.48554358,0.5310316,0.2414026,0.08785526,0.79451054,0.64759755,0.74322987,0.2994124,0.83145005,0.61069477,0.15328676,0.74135005,0.97668123,0.607969,2.3328826,0.6446518,0.6418979,0.69237643,0.8568731,0.73927605,0.4994674,0.7833604,0.15856503,0.5125627,0.33495468,0.95890415,0.89384645,0.4760294,0.7277009,0.41289443
0.11696324,0.07361143,0.8666092,1.4848075,-0.18376629,0.77156484,0.55547744,0.4558231,0.12173454,-0.24988398,0.5496345,0.63015467,0.2410786,0.27202424,0.14044456,1.1300137,0.36155343,-0.32959938,-0.15660973,0.13892458,0.13188703,0.46792147,0.07204732,0.35052982,0.21060924,0.22532278,0.37982678,0.07795491,-0.70658123,0.09043337,-0.083924636,0.47606567,0.8025953,0.32039753,2.1734536,0.8014244,0.530344,0.26469198,0.3312046,0.37075266,0.24212047,0.5556466,-0.3907948,0.12306608,0.713123,0.7457685,0.5722352,0.112846576,0.4571621,0.4232613
-0.023303872,-0.20133331,-0.1139813,1.44507,-0.78316444,0.89139867,0.21258366,-0.49228036,0.001591301,-0.5221178,-0.35071632,0.16599013,-1.2922282,0.18931825,-0.36847508,1.3450118,-0.142251,-1.177974,-1.179379,0.7103435,-0.58891165,0.2006623,-0.3439993,0.3367742,-0.11886275,-0.811509,0.68214864,0.18597852,-0.7326712,-0.8606911,-0.5113181,-0.013810101,0.77799714,0.39911124,1.2849882,0.35726056,0.95054257,-0.71565455,0.00812824,-0.6331226,0.16101445,0.4007556,-0.39306417,-0.35145167,0.26619148,-0.1438783,0.3664295,0.3078825,0.99189967,-0.16549133
-0.1175181,0.6110874,-0.2350274,1.2937443,0.26896188,0.18926287,0.5092428,0.11946841,0.1542338,-0.016024651,0.88520306,0.12474734,-0.9759329,0.0035316066,0.19998309,1.1043866,0.32683006,-0.089718096,-0.55844474,0.47838777,0.10869018,0.14974126,0.09385173,-0.148083,0.64718235,-0.56925505,0.33733088,-0.40330026,-0.12090151,-0.325724,-0.6112724,0.663452,0.94019854,0.07688767,0.78041095,0.74009717,0.562347,-0.7020111,0.4517523,0.23110461,-0.5703817,1.0127716,0.17191413,-0.44904953,-0.024885917,-0.37357426,0.24779284,0.30775774,0.8998235,-0.03538391
0.6040881,-0.2637407,-0.24660687,1.0775994,-1.1203521,-0.959679,-0.415633,-0.85004264,0.27012336,-0.025485944,-0.8355206,-0.21286424,-0.34633592,-0.048325658,0.05758849,0.8453335,0.41008005,0.5763988,-0.24174319,-0.5229891,-0.6944001,-0.4341291,-0.003549015,-0.28649184,-0.31251884,-0.6303403,0.59603643,-0.23633577,0.15469073,-0.41356987,-0.13668658,0.33702886,-0.40323234,-0.574767,-0.56705266,-0.20523639,-0.0059206774,-0.9578656,-0.19027276,-0.084823675,-0.47007763,-0.7440836,-0.43609276,-1.1853913,0.0013272489,-0.47206822,-0.3174034,0.5107917,0.34222946,-0.4441278
0.20666465,-0.58725756,-0.3711098,0.84841526,-1.3267995,-0.9868006,-0.8000627,-0.87973714,-0.042842723,-0.2682905,-0.9382768,-0.2018161,-0.39080024,-0.42895436,-0.032860294,0.5373654,0.37087995,0.4500555,-0.3921811,-1.3725204,-0.9379882,-0.54064924,-0.14590394,-0.6762995,-0.5844439,-0.85315865,0.33154437,-0.25506368,-0.44921163,-0.32956213,-0.51661605,-0.27274242,-0.44676885,-1.2121892,-0.68704563,-0.43326008,-0.53836435,-0.012914581,-0.84343183,-0.41943958,-0.5348818,-1.2775857,-1.0637673,-0.5301104,-0.09441034,-0.8522723,-0.71946937,0.35987628,-0.22619136,-0.6216917
-0.532216,-0.6400524,-0.74818885,0.49983004,-1.210292,-0.7829683,-0.518549,-1.78393,-0.40299702,-0.48948625,-0.55178237,-0.33677134,-1.0000283,-0.38862765,-0.46527186,0.032228924,-0.17743352,-0.2408851,-0.60056317,-1.5894973,-0.820965,-0.36035532,-0.25492597,-0.89086163,-0.3493729,-1.2092088,0.0059974035,-0.6526675,-0.98086226,-0.8275278,-1.1018335,-0.5259465,-0.7118812,-1.692388,-1.4285318,-0.48785412,-0.7425495,-1.0251945,-0.8921589,-0.37678006,-0.5640516,-0.6546075,-0.9388865,-0.84939957,-0.590333,-0.6850474,-0.50053376,0.13388366,-0.2547701,-0.9998087
-0.33781365,-0.13466075,-1.0205048,0.28557098,-0.18754344,-0.18068929,-0.1685615,-0.68004364,-0.61427283,-0.45162785,0.53177375,-0.1560325,-0.5208646,0.3719959,-0.29088828,-0.36631814,0.42256323,-0.35936072,-0.46907854,-0.96570057,-0.37562358,-0.60031617,-0.566497,-1.2238384,0.22150561,-1.2461886,-0.4105651,-0.71350724,0.16175115,-0.62296385,-1.4019136,-0.5259181,-0.6715292,-1.5576144,-1.0850687,0.017762532,-0.8547554,-0.36926135,-0.6620917,-0.4395859,-0.84916306,0.09570611,-0.69228417,-0.45518047,-0.9948121,-0.75347954,-0.17020823,-0.19330154,-0.36430562,-0.7988387
-0.5892735,0.15543492,-1.3957325,-0.1820919,0.5116845,0.42893043,0.13975324,0.26498795,-0.7249601,-0.88159394,0.73741806,-0.42227817,-0.703746,0.4086401,-0.32466134,-0.5609912,-0.11780116,-0.8785971,-0.7533989,-0.003948081,-0.005216111,-0.44934002,-1.1563758,-1.7723591,0.32656825,-1.4292096,-0.7373511,-0.9319214,0.39810756,-0.64178795,-1.659067,-0.8571337,-0.7353619,-0.9556392,-0.48807216,0.18684576,-0.53428245,-0.29664814,-0.17664103,0.13642795,-1.3051506,1.1559813,-0.46655095,-0.16269346,-1.6210394,-0.7561258,-0.016285755,-0.61285776,-0.30272642,-0.74793285
-0.4236126,-1.0969567,-1.3645643,-1.2447124,-0.9599969,-1.0350759,-1.3420142,-0.7523152,-1.4497671,-1.2601515,-0.79182947,-1.3995193,-1.1344469,-0.4647232,-1.330676,-1.5554875,-0.91701245,-1.0653855,-0.9550462,-1.0431787,-1.1172442,-1.5203816,-1.1242722,-1.7731729,-1.0837995,-1.6054738,-1.4256685,-1.4951632,-0.5049218,-1.3752168,-1.9821049,-1.9784459,-0.5664552,-1.6550506,-0.73424476,-1.1624284,-1.4799868,-0.67340314,-1.3726988,-0.81218255,-1.559968,-0.8711992,-1.9945332,-0.7643204,-1.785345,-1.1445957,-1.3015487,-1.1694294,-1.8132373,-1.2430423
-0.4555167,-1.6137434,-1.5634555,-1.7021646,-1.7894723,-1.9499538,-2.1855745,-0.8424464,-1.9355118,-1.5599753,-1.8098017,-2.0696297,-1.1658901,-1.1936226,-1.8308825,-1.9931772,-1.2574449,-0.8914566,-0.6222271,-1.7202865,-1.7902286,-2.3724337,-1.0605987,-1.7662756,-1.8129612,-1.7098131,-1.7414483,-1.6639485,-1.0949723,-1.1700059,-2.0976813,-2.7808213,-0.7847385,-2.021411,-1.6494901,-1.432258,-2.090221,-0.81826514,-2.211008,-1.6057601,-1.7292923,-2.1809533,-2.8096957,-1.1942978,-2.1833634,-1.4759157,-2.052083,-1.5433179,-2.2025127,-1.7625812
-0.0037360175,-1.7296034,-1.1398885,-1.6435957,-2.1344697,-1.9753103,-2.2985494,-1.3510623,-1.80172,-1.4615645,-2.159802,-2.2086608,-1.4398146,-1.3592157,-1.8985118,-1.8062494,-0.98261374,-0.6730892,-0.17091332,-1.7265556,-1.911217,-2.939829,-0.7080169,-1.1991042,-1.8593477,-1.7212397,-1.6388597,-1.3583975,-1.3663282,-1.1299427,-1.8494664,-2.6521916,-0.61208254,-2.1226711,-1.2043332,-1.3998483,-2.4988258,-0.92438334,-2.2676094,-1.0909008,-1.3919513,-2.8103213,-3.0138257,-1.5833967,-1.5206759,-1.1881448,-1.8265631,-1.571043,-2.5398653,-1.629214
0.012151305,-0.5875122,-0.9256589,-1.1998562,-1.4038388,-1.452631,-1.5540048,-1.132271,-1.0180349,-0.73454034,-1.0781865,-1.565295,-1.1276852,-0.87112963,-1.3334973,-1.4761628,-0.42442855,-0.73212355,0.28288165,-0.94043285,-1.0769149,-2.518165,-0.042912927,-0.72507066,-1.0962944,-1.149728,-1.4054091,-1.0325059,-0.4603066,-0.7074891,-1.2796538,-2.0090153,-0.43740782,-1.505153,-1.0095023,-1.1819998,-2.272901,-0.10987644,-1.5944049,-0.7222948,-0.7461216,-1.6990482,-1.885738,-1.2858475,-1.1033733,-0.432958,-1.299289,-1.3107622,-1.4781607,-1.1292338
0.18639398,0.158533,-0.8992131,-0.8576828,0.09968377,-0.5661355,-0.2563321,-0.25620106,-0.5872513,-0.311389,0.3528076,-0.78418493,-0.56995535,-0.45240787,-0.7720509,-0.8778484,-0.46268162,-0.23442821,0.37823197,0.458097,-0.14995259,-1.6356331,0.15731646,-0.42430654,-0.0048688995,-0.84813666,-0.6465333,-0.4657006,0.18595836,-0.1766189,-0.43168616,-0.8419908,-0.08960852,-0.28704515,-0.4515937,-0.48343232,-0.97211266,-0.0030749002,-0.21997048,0.32999218,-0.38507333,0.01904937,-0.48279235,-0.5561752,-0.8680598,-0.18435429,-0.477235,-0.72596633,-0.40351602,-0.59633356
0.5483808,-0.11732419,-0.4329174,-0.88101345,0.03587375,-0.49976042,-0.43682292,0.02652737,-0.3904196,-0.32610363,-0.07404325,-0.43554306,-0.53355074,-0.3577789,-0.37025917,-0.84434587,-0.7587772,0.37675092,0.7527108,0.23023294,-0.16259,-1.2544008,0.3286898,0.052813902,0.007230023,-0.3152484,-0.56462586,0.22182165,-0.025552044,0.30776238,-0.016545841,-0.6059997,0.35914308,-0.2132403,-0.12148255,-0.67020273,-0.7402933,-0.35457015,-0.34242326,0.21007758,0.12267942,-0.05375357,-0.38503247,-0.3365883,-0.26203406,0.49081948,-0.50262463,-0.5545878,-0.60766375,-0.2155822
0.31989187,-0.6575799,-0.32097617,-0.8010266,-0.054485764,-0.7106533,-0.75914264,-0.22986418,-0.4361695,-0.36823615,-0.43655375,-0.56554633,-0.25458118,-0.519116,-0.29258937,-0.93292344,-0.53936,0.5594427,0.10967477,-0.17242345,-0.5625979,-1.087836,0.052423358,0.060899377,-0.21956977,-0.38271222,-0.676718,-0.04687179,-0.7603414,0.5065045,0.08770111,-0.87998986,0.23305185,-0.5607816,0.13122465,-0.5574471,-0.805486,-0.11106084,-0.77429944,0.3500559,0.18775243,-0.2986598,-0.95550615,-0.22358856,-0.14816391,0.646051,-0.84623593,-0.35257694,-1.0554297,0.0830868
-0.02034465,-1.321165,-0.3292688,-0.8328705,-0.54244906,-1.2945243,-1.3230368,-1.1292706,-0.7666399,-0.7908185,-1.5144012,-0.87602025,-0.18294424,-0.8560675,-0.46369526,-1.4598144,-0.7941606,0.30995744,0.002856548,-0.8187602,-0.9613971,-1.4027474,-0.33462802,-0.100538865,-0.5980534,-0.44018427,-0.92447007,-0.19464017,-0.7305195,0.40839484,-0.5083295,-1.5088173,0.22960307,-1.3504431,-0.49906462,-1.0602248,-1.3583912,-0.4304405,-1.3134303,-0.86931884,0.071891926,-0.9520492,-1.5963073,-0.2898275,-0.33050448,0.31261128,-1.0100935,-0.5685501,-1.6108779,-0.1406449
-0.21968523,-0.3856908,-0.813321,-0.6304383,-0.005820817,-1.027567,-1.4655727,-0.6789483,-0.56234133,-0.55306876,-0.5056796,-0.35915366,-0.18206501,-0.8283881,-0.15484168,-1.0606955,-0.2702109,0.19655508,0.045788173,-0.8316333,-0.468305,-1.2483426,-0.15003286,-0.48187357,-0.2894062,-0.8089915,-0.5755398,-0.27881172,-0.09935038,0.4060445,-0.8128654,-1.183245,-0.14076361,-1.3123323,-0.9946391,-0.39786062,-1.2195683,-0.7010773,-1.1292326,0.18745427,-0.21462484,-0.48531964,-1.4370303,0.1853282,-0.83577645,0.44617495,-1.0174571,-0.37824318,-1.3144588,-0.1494198
-0.09188384,0.1710739,-1.1650498,-0.21881203,0.3725688,-0.27752015,-0.7466887,-0.90381175,-0.18061268,-0.58312,0.13815755,-0.051182523,-0.8301469,-0.32623592,-0.2852456,-0.47386917,-0.21221428,0.03762897,-0.22577155,-0.2481309,0.2370362,-1.033806,-0.43200558,-0.600805,0.2900075,-0.7274793,-0.3888031,-0.44736287,0.09252529,0.09105868,-0.92366004,-0.15837662,0.19662924,-0.6301072,-0.5927779,-0.05363933,-0.82740813,-1.1954529,-0.5256685,-0.20567402,-0.5397088,0.31527308,-0.5800405,0.013894023,-1.0013117,0.0217105,-0.23396163,-0.33683032,-0.61894566,-0.2530319
0.20997527,-0.44207177,-0.9844252,-0.62499636,-0.30740848,-0.6293165,-1.2690241,-0.97146374,-0.36278605,-0.6471921,-0.41100597,-0.3010705,-1.0087159,-0.5841036,-0.45572913,-0.81385833,-0.4783502,-0.01649489,-0.4998125,-0.53741753,-0.4244345,-1.3108716,-0.53307134,-0.39675653,-0.54629934,-1.0238268,-0.47129047,-0.466611,-0.45227116,0.056838904,-0.6182548,-0.721358,0.06541891,-0.7071238,-0.6250812,-0.4775282,-0.93043315,-0.61172295,-0.9667313,-0.34581748,-0.29062277,-0.48961276,-1.0566701,-0.23555216,-0.75616103,-0.03182594,-0.8354307,-0.47323444,-0.94183004,-0.27355725
-0.18754068,-1.1669608,-1.070525,-0.8597842,-0.8449308,-1.1436464,-1.7292495,-1.3874005,-0.8072181,-0.9003313,-1.2487497,-0.78125304,-0.74783355,-1.2247732,-0.59828967,-1.190365,-1.0228757,-0.48030517,-0.45904934,-1.0411927,-0.87022114,-1.4381379,-0.73399657,-0.77828497,-1.1339697,-1.0409145,-0.52999914,-0.7380876,-0.71138906,0.012118157,-0.89005214,-1.2135308,0.101841524,-1.1259779,-0.76259035,-0.6676401,-1.1743547,-0.87327164,-1.3714075,-0.55355567,-0.6467707,-1.0680428,-1.5555925,-0.41490683,-1.3493437,0.11855412,-1.3096787,-0.47656593,-1.1151556,-0.38475028
-0.102222614,-2.0222454,-0.9042756,-1.0947607,-1.2189776,-1.6547261,-2.2890835,-1.3185103,-0.9253416,-0.8447412,-2.1573527,-1.0877224,-1.1228912,-1.325258,-1.0091263,-1.6225445,-0.874627,-0.65778804,-0.41895342,-1.6331894,-1.2385931,-1.922389,-0.48264283,-0.6211478,-1.288616,-0.97870755,-0.91272575,-0.32893488,-1.2288852,-0.7470133,-0.94803053,-1.6979336,-0.22125146,-1.6589712,-1.0868301,-1.1777539,-1.6880974,-0.8797631,-1.7842544,-1.5130925,-0.5296271,-1.8801169,-2.1125615,-0.46179193,-1.1756693,0.19347385,-1.5367571,-0.89882976,-1.7985741,-0.36636657
-0.49006563,-0.7257803,-1.1175041,-0.9220979,-0.40043205,-1.1505669,-1.8488164,-1.109887,-0.67731285,-0.7492417,-0.63304156,-0.69633615,-1.1803557,-1.2384771,-0.86353695,-1.2605408,-0.8259569,-0.6604739,-0.11582573,-1.265659,-0.7630153,-1.7238479,-0.6672148,-0.66378385,-0.55421865,-0.7099872,-0.5460142,-0.2695778,-0.5620441,-1.1228702,-0.8897261,-1.4274313,-0.28212807,-1.3736662,-0.9928233,-0.9657592,-1.5207013,-0.8036878,-1.4577278,-0.48152986,-0.47913286,-0.90450567,-1.5872967,-0.017307462,-1.1758449,0.36794034,-1.2204057,-0.46956605,-1.4320902,-0.4365279
-0.21537586,0.17177415,-1.0533543,-0.2299924,0.3726965,0.122971825,-0.8286429,-1.0189939,-0.005447146,-0.29318097,0.53851867,0.013747593,-1.2320005,-0.7653022,-0.60911864,-0.54695606,-0.24162869,-0.07211089,0.22821109,-0.25751057,0.4324283,-0.9907156,-0.31324115,-0.3731459,0.6790942,-0.7353448,-0.19307685,-0.059721213,0.26163948,-0.04407387,-0.56891614,-0.32259488,0.0062607,-0.34642416,-0.60151964,0.09682716,-0.6441801,-1.0940495,-0.14103766,0.2796264,-0.08396556,0.58410084,-0.16508384,-0.18423457,-1.123848,0.7390249,-0.009129893,-0.064571105,-0.15157455,0.11750415
0.30524373,0.49015582,-0.3777024,0.5103638,0.47225255,0.14258456,-0.4333331,-0.5150215,0.5734192,0.22880448,0.28047884,0.4637891,-0.99975604,-3.0184672e-05,-0.05057664,0.0721772,0.4122323,0.54967594,0.76357406,0.054603156,0.6520563,-0.6442056,0.54854316,0.54318625,0.9491715,-0.42123127,0.5291687,0.75408435,0.24422373,0.74515885,0.24324289,0.18755649,0.2536485,0.026703373,0.22188261,0.08476773,-0.2680215,0.09741739,0.09772938,0.19381191,0.78969914,0.38084763,-0.07326429,-0.19884111,-0.10668739,1.4104712,0.31746835,0.6301017,0.23054807,0.3192133
0.59330547,0.46297327,-0.10440415,0.4074236,0.573907,-0.07175458,-0.49964005,0.10339483,0.5917498,0.23425631,-0.12287788,0.7133553,-0.04260116,-0.04328482,0.122894175,0.29442683,0.40924782,0.60127676,0.9918894,-0.065825276,0.4117335,-0.27539492,0.48964807,0.5056133,0.77462435,-0.22913165,0.75965357,0.4024419,0.24805655,0.88419425,0.77295434,0.19178176,0.44164973,-0.12560038,0.2580349,0.4690615,-0.06568822,0.22182558,-0.008382247,0.10863045,0.8284741,0.22515798,-0.34680954,0.17155845,0.055002756,1.5866591,0.06203912,0.8565809,0.134928,0.56606674
0.49023208,-0.03747414,-0.23710528,0.13521516,0.32629418,-0.184864,-0.33650717,-0.9556759,0.5101344,0.099297255,-0.43097693,0.8703889,-0.53422064,-0.057350874,0.060492814,0.028330266,0.38881558,0.6342937,1.0036701,-0.2945986,0.17830193,-0.3338851,0.331195,0.106557764,0.7093488,-0.1917735,0.21100315,-0.05410284,-0.13293786,0.88757956,0.61643445,-0.060288038,0.3372126,-0.63748664,0.33416674,0.4477565,-0.41959867,0.22219001,-0.18114966,0.6109947,0.282203,-0.20524998,-0.5607511,0.38786444,0.027618488,1.003762,-0.12906526,0.5971111,-0.4958523,0.3536875
0.10442354,0.58426553,-0.82104695,0.21234627,0.8151698,0.27183247,0.2781151,-0.86242527,0.6251365,0.32017544,0.30559325,1.0085263,-0.86422783,0.029007468,0.033814568,0.11477656,0.17361681,0.40211722,0.64672667,-0.14550473,0.63787097,0.096132524,0.5082746,-0.32110697,1.02549,-0.60009116,0.088774756,-0.27384362,0.5645993,0.62837607,-0.0030429133,0.14198598,0.16334298,-0.3358116,0.101248145,0.40125233,-0.25874925,-0.33910456,0.22145219,0.26614046,0.12671211,0.6683454,-0.06903708,0.28707686,-0.36395898,0.26423925,0.21644211,0.38362098,-0.23119833,0.13708186
0.36796072,0.49121678,-0.8129432,-0.10956766,0.9952867,-0.031464424,0.18457371,-0.45518014,0.78766346,0.026226968,0.24366447,0.6498375,-0.2728149,-0.07322801,0.15056819,0.07727145,0.43194714,0.3419434,0.20738122,-0.02758871,0.3728247,0.12642364,0.44172478,-0.4040283,0.8052163,-0.83085334,0.29994926,-0.37931815,0.49860105,0.7365123,0.38612396,0.42672363,0.13235192,-0.08061497,0.49711838,0.47009158,0.048591286,-0.30600953,0.16292463,0.092419825,0.08455214,0.403631,-0.37602183,0.37180802,-0.13881461,-0.21666396,0.009194829,0.28700763,-0.2561356,-0.39873707
0.4023617,0.17858571,-1.0111732,-0.53900176,0.49205062,-0.4979953,-0.15040523,-0.36083415,0.12843636,-0.16031267,-0.31020918,0.41114065,-0.37863743,-0.50345016,0.042403053,-0.08608242,0.28415763,-0.40331092,-0.14712265,-0.33118418,-0.22704925,-0.32278562,0.029505536,-0.79769784,0.038760547,-0.91421777,-0.039648768,-0.70289475,0.13115595,0.07320488,-0.2781277,0.12210739,0.4024873,-0.29775444,0.783912,0.116097115,-0.580722,0.12686811,-0.38714972,-0.6799105,-0.4765666,-0.2116397,-0.8382121,0.37312534,-0.46650848,-0.5198712,-0.43814397,-0.15240029,-0.26715747,-0.45148128
1.6011424,-0.5434387,-1.5646833,-1.008793,-0.70731133,-1.2650492,-0.7566564,-0.9753452,-0.22443466,-0.99123913,-1.2760497,-0.25480422,-0.74375135,-0.87819284,-0.34291708,-0.5785612,-0.66467977,-0.29462913,-1.2128652,-0.8053606,-1.3336917,-0.93404144,0.48484647,0.19509758,-0.8943817,-2.334688,-0.20430715,-0.84353614,-0.6015489,0.11523031,-0.47151572,-0.6901931,0.6379906,-0.88810736,-0.15478615,-0.51664597,-0.80538166,-0.64700454,-1.1549932,-0.25637007,-0.27323332,-1.5432187,-1.331528,-0.45939755,0.070207566,-1.3159039,-1.0481066,-0.16460328,-0.74213654,-1.2453355
1.7599787,0.13548833,-2.62412,-1.0166327,-0.2133448,-0.6789367,-0.10141062,-0.10175175,-0.15955853,-1.112873,-0.33040622,-0.09171022,-1.3816383,-0.41159818,-0.12355802,-0.48998365,-0.67360455,-0.23063004,-1.2372814,-0.20161533,-0.8542548,-0.6184037,0.88286966,0.19295351,-0.30292767,-2.4613063,-0.2713199,-0.56847,0.18753855,-0.13784944,-0.908853,-0.3975721,1.2132419,-0.6249191,0.31684625,-0.5388052,-0.3977678,-0.86338645,-0.7047226,-0.6190587,-0.30135217,-0.27597627,-0.25049582,-0.70227367,-0.32950905,-1.5789622,-0.77011883,-0.36405623,0.3328983,-1.1338772
2.2907891,0.29113543,-2.4263055,-0.84181476,-0.03273525,-0.45030832,-0.02262693,0.4991384,0.2945437,-1.0188687,-0.20694429,-0.15009727,-0.92110616,-0.097073905,0.17239207,-0.29674003,-0.3244769,0.025936045,-0.7457467,0.28720495,-0.80953616,-0.73721457,1.3625666,0.44108456,0.08815348,-2.521048,-0.016700462,-0.51033545,0.40402487,0.416028,-0.293777,-0.26137105,1.3227621,-0.3917211,0.6695838,0.038514797,-0.37657595,-0.695793,-0.36481825,0.28892893,0.19317824,-0.32351983,-0.1463951,-0.646913,-0.13264681,-1.1338828,-0.7016771,-0.017630719,0.3836182,-1.0339986
2.2751052,-0.24648902,-1.2494118,-0.7966622,-0.8233263,-0.43991357,-0.2512228,-0.632061,0.22685221,-0.85612124,-1.0979125,-0.2818346,-1.088559,0.03914952,0.101817116,-0.20800653,-0.28513333,0.40615955,-0.14610097,-0.0714483,-1.0096356,-1.1735228,1.4336396,0.3680699,-0.25462,-1.6857859,-0.1595573,-0.24970542,-0.18131864,0.6125923,0.18654145,-0.27793184,1.2877935,-0.5275689,0.5816223,0.23249573,-0.7483658,-0.015533941,-0.6790467,-0.28788307,0.20148803,-0.7813437,-0.38291886,-0.68488336,0.27491617,-0.34576035,-0.65052116,0.060503434,0.11821644,-0.15948346
0.96500224,0.17718521,-0.78407955,-0.4658848,-0.4921236,-0.04639812,0.21960896,-0.6279652,0.1983924,-0.33950824,-0.28021508,0.28126255,-0.90004635,0.25919577,0.336818,-0.1911903,0.11949428,0.20667447,0.036342796,0.19079998,-0.6240886,-0.71068627,0.8576322,-0.057799514,-0.13729711,-1.2223833,-0.3516851,-0.11970253,0.4369063,0.2748795,0.12092864,0.31102502,0.7940274,-0.46354952,0.49857536,-0.21041189,-0.843527,-0.19144101,-0.21404363,0.117520146,0.3580421,0.04057476,0.012726139,-0.28933868,-0.12985569,0.035411164,-0.21477976,0.14441468,0.39340454,0.3910235
0.7633867,0.24888685,-0.9648931,-0.37326282,0.15601249,0.112521045,0.48549822,0.044505972,0.3696715,-0.27763268,0.4636464,0.4308056,-0.900151,0.18451889,0.31412283,-0.0221184,-0.11467319,0.07856777,0.6245832,0.3998329,-0.38238758,-0.41810456,0.8371268,-0.15107954,0.121766485,-0.96807665,-0.3994798,-0.2029897,0.7360333,0.38430947,0.2789156,0.3570776,0.10656408,-0.2793972,0.3789738,0.1903631,-0.42533678,-0.04892508,-0.052071534,0.5639866,0.40838966,0.7069034,0.32818756,0.36720154,-0.35181856,0.1571806,-0.3746633,0.16162115,0.5953739,0.14058803
1.2667319,-0.00089123094,-0.72712666,-0.061855752,-0.4255218,-0.1354119,-0.034328155,-0.3517615,0.38628834,-0.21456623,-0.37438002,0.18506514,-1.0128819,0.18454908,0.2596461,-0.09005906,0.16618429,0.43570387,1.006193,-0.05211467,-0.666602,-0.57797194,1.2990091,0.11248625,-0.023816546,-1.0317055,-0.33070078,-0.08583624,-0.17805739,0.7228848,0.28595236,0.0050476347,0.3030131,-0.45680386,0.37174335,0.6157845,-0.70840776,-0.09021985,-0.44711667,0.7452759,0.62660724,0.058525898,0.028322335,-0.09024901,-0.044775132,0.36126783,-0.5415858,0.23491403,0.11701347,0.20570807
1.3074027,-0.21030928,-0.476534,-0.10339825,-0.54597074,-0.31094584,-0.03610729,-0.5375007,0.60628575,-0.0120019475,-1.0400345,0.11791824,-0.7568562,0.028283037,0.28047422,-0.21076158,0.11234873,0.39462942,1.0028986,-0.396818,-0.7129321,-0.6656927,1.2076625,0.34886366,-0.07473468,-1.0975909,-0.27798954,0.2281163,-0.5663812,0.75367606,0.5374274,-0.057594076,0.28614163,-0.6510424,0.65156746,0.22478272,-0.68286014,0.42886886,-0.475629,-0.18013334,0.93140554,-0.3598414,-0.33784342,-0.11586638,0.33458382,0.5072802,-0.54449487,0.37956578,-0.3868695,0.08509575
1.0780075,0.08468816,-0.63876,-0.2625098,0.109719664,-0.19001935,-0.04573286,-0.11287229,0.4011303,-0.13060553,-0.35337284,0.67795837,-0.87272716,-0.02565697,0.37295604,-0.5478138,-0.09934899,0.6692368,0.70556736,-0.41107896,-0.4644671,-0.62393886,0.99397933,-0.059801508,0.26894805,-1.0009607,-0.3154107,0.21820612,-0.28840187,1.1295762,0.5866574,-0.03204397,0.3203051,-0.9492802,0.5526461,0.28339657,-0.7910103,0.27232227,-0.492965,0.9895086,0.34133694,0.1024353,-0.3806495,0.76927483,0.080083854,0.4944047,-0.4208972,0.28453708,-0.33692986,0.35700414
0.7970479,1.0575728,-0.77136666,0.104583636,0.8047872,0.67801213,0.6867228,-0.7237876,0.52307904,-0.14615381,0.7278282,1.0884912,-0.7136689,0.4749256,0.71761566,-0.38609734,0.30108887,0.75407153,0.4513763,0.4861882,0.51219666,-0.26239225,0.75682163,-0.06101562,1.025138,-1.0713594,-0.43501607,-0.03925057,0.7484731,1.1842804,0.32667848,0.7193163,0.46356818,-0.2213716,0.5538421,0.6861061,-0.48987737,0.16435911,0.47342762,0.89183205,0.38614872,1.4618095,0.5586375,0.38274428,-0.2556906,0.72656196,0.35818273,0.10590909,0.56260103,0.4853111
1.233977,0.74178,-0.4929304,0.22546637,0.7033335,0.41391268,0.30195093,0.25777268,0.6501689,-0.27249846,0.4281132,0.9109345,-0.613373,0.7413959,0.7891864,-0.3611719,0.61930984,1.1880391,0.4777733,0.70015025,0.099954255,-0.43896693,0.98551273,0.39695027,0.82068825,-1.0485322,0.041876376,0.35585624,1.0579218,1.019758,0.9264584,0.8021769,0.6954544,-0.10319361,0.874396,0.5474478,-0.4090223,0.37361178,0.17405863,0.737377,0.7321905,0.89891464,0.19707717,0.2694877,0.033591107,1.0518495,0.215546,0.28100595,0.4438969,0.8766757
1.6287926,0.4404803,-0.2705214,-0.20881705,0.49559054,-0.109439045,-0.11929319,-0.3597864,0.12629423,-0.4561931,-0.41051614,0.7571545,-0.3033998,0.44477114,0.65994424,-0.62843806,0.1622528,0.83103865,0.4419726,0.31859815,-0.31370878,-0.8676625,0.483965,0.1554581,0.20270461,-0.49837372,-0.40131196,0.10576065,0.6362122,0.871537,0.96615213,0.6098563,1.0099074,-0.6303113,0.66734403,0.15931007,-0.8829765,0.32480058,-0.2999405,0.46088815,0.2027345,0.4887741,-0.42645916,0.6632594,-0.18036921,0.97320235,-0.20546806,0.08650656,-0.03235021,1.0438538
1.2318316,0.106396,-0.49608502,-0.16687045,-0.4545529,-0.6032036,-0.2890636,-1.0049444,0.049146723,-1.3809518,-0.9548565,0.0063106637,-0.4052867,0.14911227,0.19089672,-0.7780167,-0.53605986,0.280386,-1.4721856,0.09099728,-0.7845794,-0.92516476,0.20236343,0.3153464,-0.41428176,-1.1099958,-0.4252357,0.2719188,0.36673906,0.2346222,0.9942176,0.4241998,0.13016488,-0.70216125,0.2500651,-0.08956638,-0.8090462,0.20362672,-0.6534342,0.6131139,0.157495,-0.16890842,-0.6373304,-0.32875893,0.009954367,0.31080446,-0.35245544,-0.21165596,0.08983279,0.41660908
-8.095598,0.58214355,-5.853546,-1.6480409,-3.6497068,-0.32475883,-0.3576743,1.7639272,-1.5006888,-2.6102846,1.4934882,-1.1445006,1.3216827,-1.7030493,-5.154834,-1.3724065,-3.6294236,-3.1562214,-6.0387216,0.26351646,-1.3997412,0.59573984,-3.2444723,-2.5586133,-1.148987,-1.9990908,-0.6607557,-5.2649345,0.5018287,-3.1528988,1.4065595,-0.9295304,-6.8030615,0.49305642,-0.27010378,-0.97907484,0.98551893,-4.6854534,-1.2471979,-0.8011186,-1.404025,0.20471084,-0.17783223,-2.1844602,-6.0497174,-0.59930086,-0.34280607,-2.58781,-0.9070088,-0.64913464
0.38053742,-0.1889834,3.8490317,-0.24596821,0.32076532,0.6827472,1.0826485,0.7203824,-1.335224,0.43622512,1.2188499,-0.56983685,3.6468058,0.8805472,0.801343,-1.3364348,-0.8505789,-0.9817173,-0.7474773,2.0391958,1.2273763,1.5095146,-1.4208585,-0.14697221,0.10776107,5.810299,-2.0425048,2.6332216,0.10072884,-1.4753749,-0.007933309,0.72158486,1.159335,1.665835,1.9511253,-0.0727083,0.22729403,1.9780719,1.9561328,-0.7922014,-1.595969,0.93435764,2.2552855,1.212268,2.3184307,0.8916101,2.5618248,-2.3477802,-0.06447283,2.9350452
-0.42921662,0.022662729,3.1028075,0.15014029,-0.021385571,0.8757645,0.7366982,0.18261975,-0.6251977,0.584774,0.099534474,-0.90274674,2.7186868,0.9115167,0.5310754,-0.5396006,-0.2681447,-0.3212163,-0.44639298,1.5584391,0.9502863,1.0315397,-0.6374309,0.37647825,0.16479465,4.0410967,-0.5732727,1.9096742,-0.39151782,-0.48571816,0.50167316,0.80257386,-0.51837635,1.1524664,0.59901893,-0.10506777,0.73673314,0.10126671,1.4484353,-0.38176158,-0.755739,0.12194393,1.0467027,0.15199746,1.3580879,0.58998215,1.780472,-1.5340722,0.19761263,2.2675269
-0.73409045,0.72314906,2.109372,0.5562438,0.7534582,0.9203134,1.3241088,1.296293,0.10771885,0.8467129,1.7500961,-0.37628004,2.4499958,1.0593914,0.38407543,0.41804036,0.40910435,0.07949018,-0.32887834,1.2105294,1.3827783,1.911522,-0.54234976,-0.07805195,0.718896,3.075981,0.22258934,1.4159598,0.29858908,-1.0943645,0.166681,0.35188818,-0.7722892,1.347747,-0.050863277,0.88521224,1.4158896,0.19945852,1.5522186,0.21087573,-0.25627157,0.47112247,1.3880836,0.49407876,0.7222186,0.105692856,1.1719381,-0.19698241,0.6334789,1.2510211
-0.652009,0.6097081,1.6138724,1.1671771,0.39180118,1.298643,1.5220261,1.3499193,0.799078,1.0183262,1.2563802,-0.3008381,1.8614718,1.5507073,0.6153007,1.2505603,1.0142092,0.42227462,-0.5709968,1.4275064,1.100557,1.865032,0.23952371,0.3843829,0.6621557,2.2056172,0.7867934,1.3757468,0.23528051,-0.67969495,0.33822525,-0.003601402,-0.31012696,1.8640909,-0.08549336,1.3983661,2.000237,-0.08876212,1.0250684,0.5870228,0.09878877,0.65287024,1.496278,0.12478109,0.5379457,0.079301655,0.9983792,0.735599,1.496693,0.6722564
0.22859988,0.33601528,1.8094957,1.0045633,-0.016239896,0.8686479,0.8722545,0.42408073,0.4643233,1.1245573,0.69372684,-0.50994813,1.300267,1.0065985,0.513774,1.0778236,0.74580616,0.54330045,0.046830706,0.7407078,1.0895098,1.3569257,0.21468061,0.70475364,0.43350807,1.7099435,0.72651625,1.3082223,-0.13556032,-0.19061302,0.5003147,0.02832914,-0.58264166,1.7208745,-0.58045894,0.450696,1.6978129,0.17460878,0.7861108,0.4945754,0.43064278,-0.019189145,0.8853789,-0.2242845,1.0352932,0.36405635,0.93031406,0.9083875,0.73628426,0.11924776
0.0040504346,0.4745168,1.8412306,0.40225098,0.19015276,0.32848525,0.351607,1.3583014,0.06374385,0.6903171,0.24394707,-0.546221,1.4081202,0.4418734,0.31146744,0.84065515,0.16268326,0.026939847,-0.3191619,0.3919846,0.63201874,0.98536927,-0.19396642,0.7084218,0.035196867,1.7350011,0.7257122,0.76089925,-0.3295205,-0.25053537,0.74983364,-0.14969923,-0.91844827,1.2689903,-0.5577129,0.51647013,1.3536572,0.77699316,0.5876886,0.11383216,0.48631838,-0.5052875,0.3433388,-0.18144251,0.96180654,0.077267185,0.61262494,0.84845805,-0.16529495,-0.028257852
-0.94275254,0.75536066,0.8711428,0.16242523,0.6072809,0.6680937,0.7340751,0.6655655,-0.24741672,0.4916961,1.5851849,0.0077408426,0.5431386,0.3237306,-0.08132093,0.63974416,0.16925487,-0.14937642,-0.23732285,0.88001525,1.5638367,1.3767421,-0.7209603,0.2845286,0.5759967,1.2607458,0.43053448,0.37718523,-0.06670428,-0.55006087,-0.11071314,0.59057325,-1.0423285,1.6635901,-1.1319308,0.43903854,1.3822304,-0.20501612,1.2684287,0.63381064,0.005352484,0.6280701,1.1367646,0.31856832,0.029140921,-0.56802976,1.0273143,0.50954396,0.38524386,-0.19374919
-0.3205392,1.0311754,1.12285,0.3423619,0.21150184,0.43587896,0.6033088,0.911027,-0.26623693,0.6343565,0.75139767,-0.15951857,0.93326896,0.3310051,0.21641324,0.45512962,0.24679415,-0.03746619,0.34414107,0.75906044,1.3868706,1.0348084,-0.43284065,0.6593149,0.2773073,1.4391752,0.25255,0.64304346,0.42160872,-0.09642776,0.12361836,0.6011506,-0.5947905,1.4778159,-0.46967527,0.30374685,0.8962002,-0.26881462,1.329454,0.18844508,0.1697764,0.331487,1.1624616,-0.24673697,0.21417503,-0.30329254,1.081665,0.28778124,0.26510915,0.15341872
0.28878304,0.9629538,1.7790074,0.15536678,0.26441836,0.29441512,0.37063003,1.61455,-0.32321775,0.5137283,0.16312124,-0.20698263,1.5223582,0.37344477,0.50506103,0.558886,0.26900563,0.13920277,0.42543802,0.841683,0.73729515,0.7393938,-0.3821338,0.8820787,-0.27607542,1.8860381,0.6495254,0.48541692,0.6925612,0.26787165,0.7407049,0.5897509,-0.43338224,0.87335926,-0.05721303,0.41876364,0.6283221,0.8618604,1.0634658,0.025843423,0.53589606,-0.3476011,0.79667413,-0.14072151,0.9659444,0.18017153,0.671703,0.24105297,0.21367395,0.5124697
-0.21430314,0.6729643,1.195368,-0.006789046,0.49765247,0.34224218,0.7002031,1.0016106,-0.59422857,0.5748893,0.78717583,0.2514433,1.4204713,0.2613087,0.26250893,0.28881276,-0.238759,0.4837778,-0.014428696,1.0575353,0.9569019,1.1505103,-0.8563796,0.60296196,-0.17042616,1.6561238,0.19158739,0.34781885,0.51880735,-0.049033254,0.2721234,0.67955905,-0.9740736,1.0657825,-0.48834398,0.084667236,0.7937881,0.32992542,1.3239928,0.5404826,0.07732995,0.31683058,1.3343313,0.4311704,0.5509059,-0.22447462,0.6268198,0.053640805,0.30100325,0.45995295
0.14585264,0.91580343,1.1312748,0.42391127,0.79909414,0.63604087,1.1297271,1.1573935,-0.11616498,0.81568253,1.003936,-0.2460265,0.6058157,0.80641365,0.6284531,0.27285424,0.1347037,0.56627935,0.22264394,1.583324,1.1039283,1.4022826,-0.20913672,1.0940706,0.06622877,1.5581108,0.56429636,1.6525297,0.30921334,0.3504347,0.52916807,0.69104385,-0.30623356,1.4826494,-0.42968488,-0.029344609,1.2365478,-0.3212929,1.7005801,0.18827994,0.52443343,0.6930856,1.4763879,0.04632998,1.0618186,0.12110077,0.6744303,0.30223018,0.62600094,0.44056475
0.08572496,0.16736044,0.9262256,0.34704956,0.5777571,0.6215275,0.486,1.2973884,0.036446914,0.6589559,0.6855501,-0.5465428,1.4707553,0.5355968,0.17786878,0.5099968,0.005108065,0.41546506,-0.074457906,0.906934,0.66611433,1.2489674,-0.15478808,0.45350984,-0.061125223,1.7522323,0.48526245,0.72604454,0.120867886,0.7364476,0.56723166,0.035560302,-0.3033255,1.44253,-0.21007468,0.49667257,1.104428,-0.02068155,1.1238137,0.09137398,0.27074036,0.12535843,1.0974293,-0.10198892,0.58316976,0.1854071,0.59314436,0.26205263,0.5656247,0.48974591
-0.15001404,-0.5488709,1.1465378,0.24246593,-0.22352667,0.52828294,0.10519698,0.4459646,-0.05257414,0.58202165,-0.15696038,-0.6309055,1.0346116,0.54911953,0.11003219,0.42022362,0.06677791,0.52512354,0.3327774,-0.03337923,0.32789406,0.7927701,-0.35325456,0.3053235,-0.2034672,1.8281225,0.2943473,0.5157197,-0.8570021,0.31317458,0.18137936,-0.10642569,-0.73982006,0.95451134,-0.72128433,-0.21978308,0.66992337,0.3724729,0.5655265,-0.13238218,0.08372116,-0.806663,0.577037,-0.13716723,0.7756794,-0.24645543,0.36394897,0.23357894,-0.017556898,0.23521678
-0.3886198,-0.7736946,1.1169374,0.36259434,-0.43318555,0.5024782,0.03350702,-0.046625305,-0.00012240777,0.71320945,-0.49337676,-0.36017266,0.56897146,0.14600326,-0.061115164,0.17715512,0.105978,0.885271,0.07808593,-0.4822162,0.24121332,0.5494968,-0.34000954,0.07187805,-0.23260729,1.5541064,0.027258528,0.39050287,-1.0531477,0.31013426,-0.21444388,-0.17437024,-1.2041453,0.32607976,-0.82516366,-0.36693323,0.11712248,0.056418724,0.18385908,-0.12451081,-0.16569482,-0.80288905,0.27759448,-0.11215468,0.691848,-0.20461364,0.45942974,0.009844754,-0.28113794,0.1635582
-0.94991016,0.25145444,0.5241364,0.6445553,0.8094585,1.1544894,0.90582997,1.2345228,0.3370192,0.8222723,1.4151115,0.16599013,0.46631,0.38802394,-0.07277393,0.98875225,0.5756617,0.51793414,-0.22992085,0.53373265,1.1410348,1.4613394,-1.0342479,-0.1481734,0.46712106,1.0615112,0.9031826,0.12493075,-0.12907144,-0.37896195,-0.092863195,0.43035337,-1.2541107,1.3860297,-1.1259942,0.55699486,1.1487548,-0.18110023,0.9928094,0.46311745,0.08942803,0.57896906,1.2696327,0.4975916,-0.1352818,-0.32215765,0.9479375,0.5288467,0.72961915,-0.24260816
-0.76153725,-0.009570123,0.64659923,0.6975206,0.19332775,1.4366606,1.0128973,0.61363,0.3274408,0.96220684,1.2199049,0.10833605,0.6102747,0.5951512,0.057049118,1.073951,0.7722648,0.88792974,0.28575906,0.72996426,1.0656981,1.5302898,-0.7448524,0.28841636,0.20079811,0.7148918,1.1283555,0.2335786,-0.8159171,-0.09192118,-0.1394578,0.38407394,-0.9732444,1.8112105,-0.91350573,0.48210075,1.3236887,-0.30045193,0.84374934,0.5592528,0.020114586,0.8115351,1.480148,0.06140048,-0.08121592,-0.24370961,0.9531063,0.8237401,0.9567534,-0.23445868
-0.58803433,-0.6407526,0.82216144,0.42474642,-0.4946782,1.0282675,0.60942173,0.23393616,0.17115667,0.61618817,0.20093417,-0.49258932,0.48035687,0.9188214,-0.085884854,0.55756044,0.35237038,0.15377145,0.13717686,0.50327265,0.4742208,1.2732294,-0.569814,0.27358866,-0.48625937,0.68762976,0.67800975,-0.0067368443,-0.7978289,-0.01584848,0.24946456,-0.2971015,-0.7299904,1.5450146,-0.6909925,-0.16885711,1.2343048,-0.14370033,0.3926109,-0.032338683,0.1830965,-0.104811475,0.8912302,-0.38446757,0.25551492,-0.22743385,0.6003392,0.65999776,0.6412494,-0.14128926
-0.517161,-1.0545596,1.3203055,0.008890417,-0.6414759,0.2920616,0.09600479,0.5137356,-0.34124228,0.35538733,-0.62951833,-0.96422654,0.7266272,0.7907478,-0.31316856,0.37811807,-0.17404726,-0.19332664,0.03231861,0.078267716,-0.46406424,0.76162183,-0.67282826,0.3698523,-0.7487253,0.88305557,0.6502899,-0.31535715,-0.5098305,-0.15984324,0.10351339,-0.82358676,-0.75318265,0.79407626,-0.78991383,-0.032761447,0.7719572,0.6442258,-0.33012506,-0.70470804,0.43814602,-0.99058723,0.21383029,-0.62084824,0.47293,-0.37353158,-0.45170245,0.471525,0.13928472,-0.36509678
-0.69403,-0.7324433,0.7818694,-0.37328976,-0.61043763,0.5696378,0.023584927,0.011596794,-0.79718065,-0.057323523,-0.35574675,-0.5555172,0.7580285,0.7421203,-0.27561986,0.115322374,-0.30866486,-0.27854118,-0.010175149,0.22331782,-0.34108275,0.53878963,-0.95830363,-0.20493963,-0.59777474,0.48393396,-0.3378186,-0.12734976,-0.8996,-0.6221876,-0.594482,-0.61189806,-0.81231683,0.5371288,-0.64717484,-0.03733398,0.2113708,0.5440979,-0.29375964,-0.17608756,-0.32333648,-0.7403895,-0.051661007,-0.060803957,-0.12267293,-0.35132313,-0.08781841,-0.23039718,0.13756154,-0.13512978
-0.9711426,0.38206223,0.31920055,-0.24658784,0.43654302,1.2698964,1.0385351,0.5952942,-0.48589766,-0.16641289,0.77215993,-0.44192526,0.3431958,1.3516695,-0.49307036,0.3459931,-0.28564987,-0.41592628,-0.27235204,1.352469,0.61637044,0.996062,-1.257511,-0.04769913,0.3154079,0.09271705,-0.19637212,0.011496854,-0.24482891,-0.60461414,-0.2898375,-0.03150518,-0.7291733,1.4309721,-0.47722104,0.037660588,0.9672613,-0.46815926,0.6451578,-0.36389962,-0.18202111,0.46213692,0.8304251,-0.34535387,-0.6877882,-0.6653287,0.60775477,-0.11660231,0.4490014,-0.20701578
0.025504792,0.0949161,1.0455527,-0.37560666,-0.1257041,0.6237409,0.41522244,0.8141807,-0.45829472,-0.13738061,-0.08568669,-0.85233295,0.6871871,1.0458686,-0.105717205,0.3111131,-0.29239368,-0.24571419,0.10233531,0.8000965,-0.25796425,0.32534257,-0.47174063,0.27847096,-0.3925477,0.53699714,-0.15245268,0.29454836,-0.1645417,-0.5206495,-0.009970975,-0.323871,-0.20965534,1.070294,-0.2654502,-0.27719098,0.59038544,0.3480104,-0.017039668,-0.16824372,0.17203715,-0.6040687,-0.12445808,-0.2668862,-0.038978178,-0.39817286,-0.10562365,0.10597147,0.08690664,-0.08670669
-0.13277659,-0.4336475,1.3483758,-0.6003456,-0.9445416,0.041831154,-0.002531844,-0.30637446,-0.7646202,0.06902112,-1.0114911,-0.87466156,0.66401285,0.5714562,-0.3659027,-0.23181435,-0.65713245,-0.8750702,-0.13596752,0.2797634,-0.95414543,-0.22739403,-0.27872524,0.3920809,-1.1005033,0.85690224,-0.43541148,0.2968113,-0.63769156,-0.64933485,0.10112253,-0.8057216,-0.25810668,0.31414595,-0.6879046,-0.6487219,0.07056561,0.45050704,-0.5110419,-0.84875965,0.02369513,-1.2095352,-0.5629314,-0.5407733,0.29833823,-0.40070525,-0.47445574,-0.17495961,-0.43111938,-0.01768248
-0.3691444,-0.0962105,1.0603435,-0.5798438,-0.52916515,-0.13667272,0.15220717,0.21414779,-0.78907114,-0.123923086,-0.5736562,-0.6742578,0.62203974,0.24162829,-0.39556822,-0.43672794,-0.7239104,-0.17070042,-0.014616352,0.47908166,-0.61119676,0.014106798,-0.81237644,0.41040882,-0.8028845,0.6121047,-0.23617907,0.38800582,-0.19611193,-0.48399317,0.38536325,-0.4520752,-0.31528214,0.28755,-0.608761,-0.8921213,0.24535601,-0.06962941,-0.13845524,-0.7823209,0.07153754,-0.70486665,-0.47215757,-0.42228884,0.14199612,-0.19509573,-0.19581868,-0.3371672,-0.6309429,-0.11087085
-0.7094549,0.55400616,0.5066822,-0.40031126,0.25972885,0.37933826,0.57710075,0.32244805,-0.54551023,-0.014939579,0.65080816,-0.50481737,0.21334074,0.2845811,-0.3768976,-0.088915445,-0.7326056,-0.30466715,0.08759385,0.9704861,-0.022136666,0.64247674,-0.63362676,0.1009651,-0.33784592,0.6445844,-0.1888589,0.2645577,-0.048010945,-0.66069835,0.25060564,-0.15880199,0.017255979,1.1627675,-0.44298238,-0.39426792,0.9134797,-0.65880305,0.67047393,-0.61501294,0.070694335,0.4013946,0.36411887,0.25393668,-0.31241098,-0.39885575,0.019116933,0.16303112,0.1835021,-0.33221456
-0.7512539,0.28672174,0.59045863,-0.33694682,-0.28155237,0.20111455,0.27311984,-0.23134057,-0.45771328,0.29844755,-0.0013188366,-0.87271297,0.3492667,-0.1988868,-0.38814145,-0.29271144,-0.64783466,-0.38160712,-0.12308177,0.74132997,-0.26273507,0.45767915,-0.42242557,0.43112624,-0.77854,0.8270184,-0.21079226,0.4445797,-0.14413369,-0.28262043,0.5554947,-0.32336053,-0.008940424,1.0244707,-0.58259,-0.5841788,0.6249836,-0.35308966,0.5659075,0.24968214,-0.0466326,-0.03771935,0.23503311,-0.20701016,-0.02137261,-0.17758222,-0.2835332,-0.08156547,0.1539805,-0.28238901
-0.05461614,-0.32300755,1.1318226,-0.48040584,-0.91952485,-0.6992499,-0.5802485,-0.13385129,-0.85725224,0.16645259,-1.3796349,-1.2183157,0.5999332,-0.2766727,-0.48834047,-0.5541556,-0.76867765,-0.36733687,-0.043744802,-0.04577381,-1.004483,-0.20618299,-0.54798645,0.7954892,-1.553091,1.2106436,-0.4785928,0.48830414,-0.5620441,-0.66345835,1.0339928,-0.8336253,0.09618165,0.30564943,-0.23220097,-1.1962953,-0.030724926,-0.13809718,0.020743944,-1.178972,0.33525124,-1.3994699,-0.5849797,-0.5655787,0.7522964,0.07331206,-0.91985947,-0.31957394,-0.9938179,-0.34902522
-0.6266707,-0.39509118,0.80529284,-0.6603964,-0.9705437,-0.9436526,-1.0880771,-0.081058495,-1.2807832,-0.12426713,-1.1775138,-1.062015,0.9293961,-0.8003767,-0.62604666,-0.84242254,-0.7862976,-0.4943855,-0.2700793,-0.40210605,-1.3301083,-0.47854152,-0.963314,0.35409468,-1.7756232,0.950102,-0.8048252,-0.09559035,-0.29055363,-0.5916766,0.67213064,-0.8650454,-0.36242363,-0.25164115,-0.9213342,-0.92910355,-0.50984335,0.07773803,-0.25026086,-1.354867,-0.085554205,-1.5207947,-0.95147914,0.25406924,0.3004462,-0.034955896,-1.080743,-0.9030097,-1.3141338,-0.037885614
-0.8206662,-0.233163,0.44908708,-0.25399652,-0.8671922,-0.23288718,-0.74021083,-1.0211608,-0.8970042,-0.08479435,-0.69855005,-0.49657595,0.2857104,-0.7237077,-0.59302044,-0.80829626,-0.33529568,0.12932754,-0.49255645,-0.33864963,-0.799528,-0.3354832,-0.72945017,0.29349238,-1.0167788,0.58946025,-0.833705,-0.06882506,-0.057189506,-0.5540068,0.2984772,-0.77345073,-0.7724935,-0.50072587,-1.059561,-0.6255075,-0.5858732,-0.43510976,0.1502031,-0.8270996,-0.46061912,-0.7957206,-0.5998194,-0.04547662,0.17260091,-0.4493049,-0.49081942,-0.8284441,-1.0264933,-0.33050886
-1.2393405,0.6821312,-0.124030694,0.33947924,0.56695485,0.5221189,0.2977312,0.692712,-0.084614374,0.13957722,1.1026227,-0.055830605,0.30434185,-0.4184501,-0.38706273,0.1568561,0.14050049,0.43179718,-0.59760237,0.16385733,0.7185299,0.5970909,-1.2071058,-0.0989631,0.37885025,0.32574886,-0.02943341,-0.25813296,-0.04579195,-0.16143887,0.4302462,0.12585057,-0.71124434,0.74257076,-0.1614947,0.19330259,0.5672635,-0.4805272,1.2600042,0.36544088,-0.28247184,0.3604804,0.8767687,0.00047224766,-0.23708959,-0.6256778,0.66669,-0.0528672,0.018857408,-0.597338
-1.0659301,0.08681014,0.08929228,0.6633329,0.32540008,0.07343567,0.059988737,-0.14501946,0.26219746,0.5604658,0.428019,-0.19874121,0.27547354,-0.8682319,-0.47352844,0.65331155,-0.22449659,0.40507436,-0.26574236,-0.49161983,0.5984533,0.87796295,-0.85591567,-0.20433258,0.20078345,0.47398135,0.5498894,-0.17752495,-0.660991,-0.3199668,0.36756763,-0.023026288,-0.7880431,0.7945811,-0.43750244,0.025174055,0.7719964,-0.7596598,1.0271639,0.08408058,-0.15721394,-0.2663118,0.5969271,0.038260344,0.11632946,-0.4097679,0.26702666,0.27356935,0.20983744,-1.052098
-1.0212829,-0.9295751,0.25148046,0.8514056,-0.3333558,-0.201787,-0.47158447,-0.552598,0.19432235,0.6511486,-0.38649446,-0.17973772,0.3498738,-1.1226585,-0.45257586,0.56450003,0.62745976,0.65439683,-0.07427025,-1.4293728,0.23411009,0.5237966,-0.61358523,-0.4411879,-0.12984711,0.5053262,0.45783255,-0.39900845,-1.3310597,0.0077840835,0.101747416,-0.6908737,-0.9050136,0.24588372,-0.71971864,0.07996908,0.15395066,-0.32830822,0.20087758,0.3375883,-0.42667118,-1.1377306,0.15885426,-0.30347297,0.28567082,-0.4877749,-0.06514302,0.2655089,-0.16207618,-1.1777896
-0.9628938,-1.1507914,0.22869931,0.7332439,-0.19622904,-0.38426945,-0.32870635,-0.6786387,0.3869004,0.8109055,-0.69975585,-0.043405928,0.10161476,-1.1726141,-0.42340818,0.5293341,0.6220647,0.55607855,-0.2449125,-1.5689195,0.12124277,0.3290763,-0.8726633,-0.6223619,-0.05682827,0.20386533,0.46850926,-0.25386718,-1.3407762,-0.3368503,-0.4072342,-0.5450311,-1.107471,-0.034082785,-0.35295504,-0.17450997,-0.0050208387,-0.3960927,-0.024194213,-0.16447316,-0.51112556,-1.3326173,-0.12045336,-0.1279294,0.30487686,-0.6247104,0.04362349,0.24846461,-0.4083279,-1.2281837
-1.3886888,-0.2066807,-0.17860344,0.77149963,0.6064963,0.20097446,0.2679649,-0.4226996,0.5146941,0.73852336,0.6148604,0.45132867,0.21633434,-0.70511395,-0.41884425,1.0399287,0.46064416,0.18198639,-0.2597582,-0.8255796,0.76649266,0.8820453,-0.65717083,-0.9487903,0.78481674,-0.011804858,0.679262,-0.7162124,-0.8277853,-0.70671284,-0.2634837,-0.2889629,-1.2047822,0.573521,-0.79904705,0.6342003,0.5404118,-0.5450773,0.44584662,0.0011559359,-0.4901311,-0.38388276,0.61850816,0.66522294,-0.03605042,-0.862971,0.27948123,0.53845435,0.5522945,-1.267396
-1.2618676,0.167318,-0.016887518,0.9594646,0.6950858,0.81530124,0.9552807,-0.46787232,0.66311353,0.8309132,0.82483804,0.24758182,-0.14892612,-0.43115786,-0.11090349,1.2159662,0.80357325,-0.12010343,-0.3264805,-0.30790246,1.2042218,1.3033751,-0.46243897,-0.39519367,1.1142741,0.012117915,0.83109516,-0.22085924,-0.20075165,-0.13916475,0.004184006,0.038140833,-1.0300354,1.2706553,-0.7542074,0.6638966,1.0579624,-0.376755,0.90902925,0.7114235,-0.35717443,0.05924474,1.1362752,0.09796239,0.10844404,-0.7367201,0.8175475,0.81808776,0.97450536,-1.3404381
-0.16862015,0.061261516,0.41924113,1.1235063,0.11603315,1.258493,0.7475555,-0.19664544,0.76039714,1.1993082,0.011624602,0.0018413552,-0.060751136,0.6460123,0.5464683,1.4145379,0.8516981,-0.050027266,0.22306095,-0.09260044,0.5716518,0.88652,1.394786,0.40485492,0.8500923,-0.020022605,0.9692595,0.9301007,-0.6231673,-0.22246091,0.4968371,0.25289217,-0.06663259,1.1766133,0.2848039,0.57166713,0.830851,0.09857903,0.49008626,-0.061347168,0.39189225,-0.4827438,1.1685355,-0.27743307,1.1182072,0.40794683,1.157873,0.9306474,1.322522,-0.47071785
-0.2818474,0.13998692,0.2515749,0.22169468,1.0728915,0.8284698,0.6139836,0.6040096,0.12574339,0.3101319,0.15000823,0.31846505,0.30092958,0.25385308,0.1764996,0.71519625,0.06740924,-0.58328974,-0.5773355,0.00031106093,0.88966495,1.21317,-0.11482107,-0.018340852,0.96779644,-0.115309335,0.6992445,0.3193108,-0.10419182,-0.4014517,0.11196291,0.29698807,-0.0618139,0.6662309,0.08991862,0.2955565,0.8827417,0.47225913,0.76718724,-0.48863062,-0.03791954,-0.028454248,0.913056,0.0694784,0.58221334,-0.010641844,0.9584959,0.6994516,0.8394473,-0.17210567
-0.507747,-1.0888509,0.10776655,-0.37929752,-0.09441037,0.17783144,-0.4372563,-0.008691642,-0.36869222,-0.14488348,-0.8370655,-0.03705951,-0.25271803,0.17519183,-0.68724483,-0.1589094,-0.638422,-0.39118394,-0.2827357,-0.6690442,0.05112213,0.38213298,-0.5937525,-0.29025042,-0.023435246,-0.04188442,0.20015511,-0.2337867,-0.87979716,-0.6645796,-0.17586409,-0.3954453,-0.31269854,-0.097167626,-0.41794217,-0.50016475,0.0839719,0.20062016,-0.35499662,-0.45400757,-0.41832474,-1.2195791,0.06607803,0.3097779,0.13286152,-0.43224666,0.0020389662,0.14360364,-0.51935905,-0.27268544
-0.73360956,-0.37136745,0.14199494,0.18871932,0.27242884,0.66753334,0.112838134,-0.74502856,-0.09250968,0.18012184,-0.07766063,0.21758382,-0.49241498,0.50978893,-0.44859278,-0.24551164,-0.08772671,-0.1821763,-0.040075075,-0.019190066,0.5256822,0.36574525,-0.5111973,-0.0021957357,0.4404301,-0.061202645,0.27846405,0.0442967,-0.25299886,-0.84870225,-0.2626958,-0.23616123,-0.39351082,0.28719553,-0.27102798,-0.26015705,0.16450094,0.2531668,0.023792034,-0.06437462,-0.19667324,-0.42717314,0.532095,-0.24571791,0.07335002,-0.16587333,0.27787083,0.051507153,-0.34681374,-0.0075619607
-0.40593123,0.34342098,0.33319792,0.4758259,1.4371396,1.5135145,0.8460921,0.6016998,0.6514542,0.78793377,1.1186182,0.31866172,-0.071971886,1.1963091,-0.03232092,0.4909713,0.14139009,-0.16649531,0.1708299,1.1088126,1.1505977,1.0773468,-0.25803426,0.25143757,0.9892519,0.3635244,1.0579815,0.29028255,-0.19389294,-0.4442318,0.14464706,0.37638906,0.09893348,1.3238794,-0.14072753,0.5191835,1.4290873,0.60823804,0.6799992,0.31540537,0.41183576,0.7742551,1.3703071,0.13609017,0.06733836,0.120446324,0.64344317,0.7536165,0.57359034,0.44744444
0.18955664,-0.52712065,0.9833107,0.71578634,0.4430572,1.1378746,0.40648642,0.6194165,0.7809922,1.0315852,0.29200923,0.15946494,0.10992565,1.724903,0.123018645,0.7658269,0.5441811,0.44628447,0.8122813,0.60731053,0.46419147,0.6079434,0.38851276,0.8372211,0.2249373,0.7236704,1.0409911,0.5798108,-0.2132587,0.18308768,0.5294941,0.035503585,0.39914668,1.1741858,0.29969972,0.62312067,1.1938772,1.5107099,-0.075122714,0.71147853,0.8177447,-0.06916878,0.5928779,-0.41715208,0.80964136,0.60896105,0.124584734,0.99596715,0.15001394,0.4463452
0.4866625,-0.5924564,1.0692972,0.5152401,0.16363977,0.90428704,0.19337815,0.16187887,0.5024839,0.9615452,-0.43442476,0.09407001,0.31447402,1.1344305,0.29785863,0.69398755,0.5048375,0.17034774,0.9211846,0.29091373,0.19889073,0.43043894,0.7940051,0.7898449,-0.12207446,0.73484915,0.4387595,0.42951933,-0.47204039,0.5519368,0.34670195,-0.23990443,0.46108073,0.9252515,0.38768297,0.44253075,0.8304207,1.3513618,-0.27352372,0.29214904,0.7577187,-0.24157158,0.26319972,-0.11647119,0.9865753,0.5867241,0.24654607,0.6175992,-0.023961915,0.4530164
0.15443438,-0.902626,0.927869,0.29217145,0.271334,0.5357918,0.2963398,0.84809,0.42313308,1.0750146,-0.12815323,0.15664034,0.54573447,0.9353626,0.22247082,0.7488807,0.44158936,0.2428113,1.171706,0.3264704,-0.08040444,0.41406575,0.636851,0.9988014,-0.19912626,0.64334524,0.61719215,0.20288566,-0.34905437,0.5479046,0.48336136,-0.05359567,-0.08348001,0.9522556,0.04838426,0.86217374,1.0379182,1.273282,-0.43287107,0.4053757,1.0484514,-0.19277005,0.1049684,0.03946996,1.0661322,0.3442665,0.18915632,0.6325098,-0.28513703,0.51408064
-0.13085309,-0.1800923,0.3426806,0.13737042,0.9045805,0.5077456,0.33671245,0.23388854,0.1338835,0.7835803,0.642556,0.29999787,0.019971257,1.0630136,0.2200229,0.6336623,0.3808091,-0.2832075,0.90708953,0.44397965,0.20720258,0.36506242,0.30069202,0.477495,0.3528339,0.5458671,0.14416176,0.113147765,-0.34058183,0.11818438,0.11383756,-0.2729409,-0.12550241,0.97716516,0.18441471,0.68083006,0.70622987,0.66777724,-0.26704654,0.6056003,0.6777491,0.6102188,0.35717735,0.7629616,0.6011852,0.4052437,0.37968928,0.2968898,-0.043794706,0.47094527
-0.24010386,-0.18401797,0.16243374,0.3163103,0.927809,0.43019125,0.31538567,0.18776329,0.2724491,0.765412,1.0790532,0.031767845,-0.102682404,0.6903838,0.12998901,0.8928972,0.48190862,-0.4044775,1.0138452,0.50738823,0.36444923,0.7235,0.38742253,0.4449723,0.30278105,0.5071132,0.53481025,-0.0738972,-0.6237388,0.5044776,0.1619808,-0.37361002,0.10363201,1.1927257,-0.13889001,0.6833676,1.2602435,1.0299321,-0.1722594,0.5674269,0.5787771,0.7285286,0.5855582,0.35439286,0.32888445,0.12956588,0.2302863,0.722847,0.39496517,0.11217856
0.27010298,-0.9598345,0.6026426,0.16183254,-0.3614928,-0.5431606,-0.65825665,-0.23379329,-0.04265911,0.7512134,-0.6912399,-0.8301294,-0.101447284,0.14392051,-0.013484337,0.5074756,0.2081106,-0.34433085,1.3386576,-0.86922383,-0.55068135,-0.06356049,0.9658192,0.62454474,-0.76692504,0.5506412,0.07851985,0.1560919,-1.056039,0.8693376,0.01994195,-0.8286628,0.17746261,0.3931712,0.14010778,-0.23824908,0.4607565,0.8264193,-1.2065779,-0.16708778,0.502608,-0.66411215,-0.56112933,-0.41583475,0.88937384,0.30454454,-0.43724787,0.36494213,-0.4103112,-0.06862622
0.011393004,-0.6608053,0.37796682,-0.0019397275,-0.22219463,-0.46535408,-0.52794653,0.9983483,0.11977601,0.8237147,-0.5085999,-0.7250112,-0.027633185,-0.21147381,-0.050618127,0.77084315,0.36250043,0.04305492,1.1637619,-0.7069936,-0.79335773,-0.0796867,0.4263689,0.4319658,-0.9678405,0.35192826,0.45439228,-0.09194882,-0.41239652,0.26953197,0.17322871,-0.763951,-0.28802824,0.19416338,0.008252507,0.31623337,0.4880777,0.89935136,-1.0427642,0.01544,0.5787893,-0.7622344,-0.5719421,-0.16357996,0.7821009,0.09381326,-0.5938197,0.4201551,-0.09243382,-0.54231954
-0.5670609,0.026291313,-0.2115851,0.19515814,0.21688473,0.29884198,0.29424134,-0.20524183,0.122775,0.92801386,0.85705537,-0.284105,-0.5046406,0.01014205,0.108953446,1.0396688,0.84848404,-0.40800437,1.3131572,-0.058981936,0.039778147,0.40738282,0.22003892,-0.027847094,-0.25266948,0.16918123,0.23352967,-0.06507947,-0.53077644,-0.09364619,-0.26432592,-0.121370085,-0.3699581,0.83596814,-0.36025074,0.5437295,0.69385386,0.43734193,-0.15693429,0.6886075,-0.095550396,0.7599381,0.45293486,0.013521196,0.19908734,-0.14811796,-0.106714554,0.36415607,0.713883,-0.46975127
0.5794341,0.06898552,0.58649176,0.47706518,-0.18343784,0.0007564911,0.388946,0.7628881,0.4229189,1.1123701,0.31669033,-0.3865237,-0.02152039,0.42681125,0.6167114,1.2243093,1.0533519,0.24707067,1.7743125,0.3844713,-0.16799694,0.13306299,1.2565832,0.8452549,-0.509064,0.40291741,0.4242471,0.47548074,0.034024563,0.26642695,0.7026141,0.2547354,0.0190705,1.173928,0.08825507,0.49918494,0.6897589,1.3393582,-0.051690523,0.30103874,0.7758658,0.3540108,0.35001335,-0.5598703,1.0109147,0.3566156,-0.111545734,0.43421727,1.2031027,-0.20422979
1.0964656,0.19935988,1.1489557,0.5467876,-0.08156443,-0.22591065,0.1663262,1.1763008,0.5522427,1.3457928,-0.07291282,0.041153394,0.4361019,0.4775215,0.7713456,1.1507026,0.79272574,-0.28684288,1.8138871,0.063193224,-0.32615536,-0.003864478,1.3074292,0.9441922,-0.5684734,0.819492,0.40211603,0.5496641,0.55579054,1.0161356,1.1098483,0.26310086,0.15503944,0.6446405,0.003544555,0.64558136,0.2668087,1.634093,-0.23605762,0.42967787,0.9668444,-0.062439606,0.104768164,0.28641406,1.5070325,0.5600199,-0.12510422,0.37934119,1.2749233,0.45534754
0.64326084,0.458411,1.3860421,0.269218,0.20542558,0.16555947,0.68102044,0.60927224,0.60365397,0.64323556,0.5461491,0.6586331,1.0419176,0.58947647,0.9987537,1.0211891,0.9401422,0.70100576,1.0722064,0.26689026,0.02639861,0.22291937,1.1002178,0.7744618,0.20257263,1.4951342,0.024319142,0.3204813,0.930834,0.6220151,1.0492345,0.6289693,0.72770727,0.33345917,0.8157043,0.77725524,-0.008685399,1.5758978,0.3834878,0.8673372,0.44725016,0.79262555,0.5152752,0.56682146,1.9477963,-0.25123572,0.3392476,0.15992421,1.5998235,0.9634772
0.04799488,1.1440859,1.0546198,0.52666295,1.2420236,0.55201435,1.1901035,1.9788132,1.0900106,-0.370446,1.3343234,1.2431829,0.57506335,0.2823776,0.7640433,1.4304185,0.8477953,0.47854173,0.34956226,0.7973209,0.5882331,0.9020941,0.53432393,0.6981406,0.77854,0.7887602,0.38599554,0.16800493,1.061284,0.1252569,1.1522589,1.2559819,0.9464953,1.0410341,2.7422895,1.2864395,0.75769025,0.4811194,1.0229728,0.5008505,0.6158045,1.1256101,0.9731492,1.3898911,1.7271802,-0.75991017,1.0805871,0.17305055,2.452276,0.5975844
-0.119478576,0.89946425,0.46531346,1.111814,1.2831343,0.5770626,1.4052418,0.91857564,0.9782218,0.07213078,0.82813513,1.2538735,-0.1205393,0.10443896,0.50979096,1.4242326,0.68890005,-0.20694576,-0.7686616,0.81959766,0.64158165,0.99960685,0.8584673,0.36899984,0.8923872,0.752276,0.24688213,0.42975342,0.347844,-0.47536814,0.91915,1.4477353,0.97433794,1.0830011,2.4699786,1.2444324,0.89917356,0.107621506,1.2808751,-0.12929969,-0.002199651,1.2550421,1.2179271,1.7472667,1.532582,-0.5959575,1.102808,0.2911252,2.7055829,0.19789973
0.43759492,1.0568302,0.44549802,1.5216353,1.0383133,0.05026463,1.0351592,1.4771268,0.7788195,0.7476009,1.1925485,0.9066797,0.34983194,0.47643486,0.82366484,1.458099,0.9241293,0.1892843,-0.14061722,0.35779184,0.5560459,1.018043,1.1989871,0.73083127,1.0833888,0.41803548,0.5275606,0.27459794,0.73371345,0.24945723,1.7148991,0.98139626,0.4301858,1.0998653,1.0029894,1.1969234,1.086366,0.17932363,0.83993924,0.48042896,0.25498843,0.9383512,0.97762114,0.53774095,1.4491801,-0.20388806,0.5691183,0.6658372,2.2148352,0.00938138
0.91190267,0.5193118,0.54682314,2.0072408,0.38508627,-0.0933566,0.6328698,0.032885365,0.652158,0.84662026,0.36631626,0.7023429,0.110804886,0.29149336,0.7222626,1.4810491,1.073038,0.59666467,0.28185996,0.020171104,0.25285417,0.59186083,1.2927693,0.7254065,0.60295165,0.4859297,0.42739737,0.02148507,0.16413826,0.34862342,1.527624,0.6436018,0.03948687,0.66528565,-0.14744696,1.2079778,0.7639239,0.14233372,0.34741873,1.112258,0.32695368,0.19636427,0.5397485,0.61867756,1.2638142,-0.0023332385,0.15723416,0.8609605,1.7564701,0.3735874
0.6163874,1.1534863,0.32532084,2.1112046,0.9062227,0.12776294,0.6341927,0.6323944,0.327196,0.64973277,1.3847595,0.9356766,0.3234548,0.30643478,0.77707124,1.1096368,0.8162286,0.54609483,-0.073206864,0.58362204,0.8160669,0.81419903,0.46684623,0.62654674,0.9278627,0.39265177,0.4090361,0.018857962,1.0165342,0.078315206,1.0749635,0.86836326,0.33655167,0.56706536,-0.15103501,0.9038792,0.82331324,-0.004623739,0.6053633,0.3731471,0.22837265,0.9953596,0.71359825,0.45234698,0.7788218,0.1581765,0.6278068,0.46879244,1.188602,0.6663812
0.47064573,0.7229156,0.15502892,1.7164433,0.96910214,0.26014888,0.40470728,0.7415757,0.1509288,0.25974226,1.3363582,0.808051,-0.023760352,0.24461658,0.4536546,0.96614003,0.44506168,0.1250953,-0.48621783,0.6388952,0.80633444,0.9182058,0.20347685,0.3834788,0.6561429,0.290243,0.47040734,-0.14417887,0.69360346,-0.18461862,0.3750119,0.56970215,0.34712636,0.55290806,-0.03381462,0.7376601,1.0116142,0.099626765,0.57680863,0.59896743,0.18804573,1.0527872,0.75466895,0.75308585,0.2673821,0.37668997,0.5245987,0.46330234,1.0188853,0.39172474
0.49171168,-0.19239978,0.4981818,1.3919969,0.20173965,-0.18046515,-0.22063538,0.053912,-0.12681445,-0.09772258,0.123141654,0.07022178,0.2973498,0.11741837,0.30200768,0.44863185,0.45194897,-0.051139586,-0.275709,0.17510337,0.13843897,0.41572195,0.15093751,0.26266167,0.02424184,0.30246526,0.5010007,-0.10217114,0.82721376,0.38724196,-0.11239761,0.1401144,0.6633578,-0.17637546,-0.24805361,0.48104554,0.41850322,0.12076386,-0.16070206,0.3580649,0.028717665,0.39224932,0.1197859,-0.03925455,-0.14426024,0.5914902,0.004454557,0.43482867,0.14149559,0.6552183
0.56637657,-0.5362027,0.4241147,0.6468183,-0.24659097,-0.57807124,-0.81972444,0.40631643,-0.48706055,-0.5223957,-0.2619021,0.0015016877,0.505143,0.12430047,-0.010414057,-0.13970199,0.11714113,-0.122002505,-0.4359259,-0.18240133,-0.28372675,-0.28050882,-0.24977642,-0.084626235,-0.2035992,-0.13882774,0.0695567,-0.25446543,0.7592655,0.10863216,-0.5470452,-0.028556,0.3811096,-1.1398237,-0.24446556,-0.11541878,-0.44960633,0.3471904,-0.59715044,-0.60551775,-0.10956706,-0.44232878,-0.6574875,-0.051624123,-0.34373793,0.37632006,-0.10251974,-0.18889698,-0.46031585,0.8939034
-0.03704576,0.17247441,-0.27526277,0.24782711,0.6154373,-0.15468842,-0.28279102,-0.06879494,-0.3871758,-0.82540846,0.92723626,0.17895111,-0.079131395,-0.039179705,-0.245166,0.12272983,-0.19709095,-0.08941967,-0.4631361,-0.06400677,0.32049397,0.2313602,-0.6085285,-0.8261391,0.5475459,-0.6590241,-0.1109981,-0.56592095,0.16555034,-0.32505557,-0.95199716,0.17309417,0.19366112,-0.5811797,-0.13558467,0.2967122,0.009650444,-0.22565213,-0.022479663,0.07728257,-0.4714341,0.41399434,-0.06338596,0.34686175,-0.97029704,0.025409536,0.06400016,-0.07618766,0.07354389,0.2898562
0.0041614054,0.04447667,-0.16759066,0.35909203,0.04671251,-0.019920932,-0.25254574,0.24669978,0.0068854373,-0.25104845,0.40684223,-0.24509689,-0.06179785,-0.0017507109,-0.17201866,0.4164809,0.48070335,0.15276764,-0.06499168,-0.1902975,0.19992971,0.016518464,-0.17422648,-0.4406325,0.5051337,-0.67801625,-0.028642545,-0.54584044,-0.23521328,0.070099875,-0.7808061,0.02685455,-0.07354219,-0.17616063,-0.3718086,0.2800551,0.18278462,0.11037753,-0.10333871,-0.26586527,-0.30335632,-0.040714536,-0.051927987,-0.38175008,-0.5984331,0.34645748,-0.19636413,0.13722762,0.22089177,-0.11822434
0.5023464,-0.3367792,0.21764874,0.13343708,-0.78332865,-0.5233517,-0.5568004,-0.1924544,-0.15233648,0.27207503,-0.7881179,-0.36242518,-0.020201532,0.047601227,-0.12422186,0.21224308,0.6558698,0.76912856,0.2259175,-0.6185805,-0.37125564,-0.65623486,0.041938685,-0.12611273,-0.10333213,-0.20188265,-0.3200109,-0.11686734,-0.40288174,-0.057442654,-0.4278282,-0.52084213,-0.08864719,-0.48842683,-0.024898868,0.14177366,-0.40254086,0.3965938,-0.661753,-0.013293263,-0.03279924,-1.0406468,-0.7253232,-0.72671455,0.12950435,0.34729686,-0.34074113,-0.16773513,-0.29040408,0.059074264
0.084485784,0.36771765,-0.19175078,-0.085401885,0.11081448,0.049844358,-0.094248466,0.8087752,0.037364975,0.28337562,0.63189226,0.44741356,0.062300272,0.23821743,-0.051406443,0.2889947,0.42752782,0.21676674,-0.024562143,0.010456433,0.09181203,-0.18774681,0.11593448,-0.24104011,0.51051587,-0.24417143,-0.5750653,-0.33744046,-0.017550219,-0.06643424,-0.71894264,0.040210932,-0.03865772,-0.1637542,-0.25794792,0.58106345,-0.055059694,0.62671024,-0.07349283,0.49482313,0.027556738,-0.12679613,-0.29913104,0.1551375,-0.06605015,-0.057804562,-0.12896137,-0.17720556,-0.12429633,0.21725002
0.18804005,0.5419533,-0.31772712,-0.04617629,0.22093558,0.37454715,0.3649505,0.2452472,0.098568864,0.32448927,0.6472096,0.2826391,-0.18106017,0.71899885,-0.13019647,0.18924098,0.24685155,0.53198737,0.43623868,0.32082343,0.2742699,0.09871853,0.51885206,0.2946419,0.6231898,-0.4882124,-0.24071337,-0.049420863,0.24600565,-0.007115644,-0.62482965,0.13461304,-0.3618829,0.2909658,-0.5615619,0.66246456,0.2880266,0.45722628,0.14414924,0.77447706,0.242206,0.09043459,0.041515693,-0.17209698,0.039563727,0.10590626,0.09846778,0.058245007,-0.08534603,0.10719411
0.5765304,-0.077176355,0.23423404,-0.0012662109,-0.38059747,0.11546295,0.008257005,0.598366,0.20656313,0.54993266,-0.42438275,0.009188899,-0.3691542,0.9726105,0.24350639,-0.07929875,0.4782067,0.7477503,0.5689743,0.07379322,-0.13841777,-0.38836554,0.593103,0.6908043,0.32576165,-0.17442493,-0.25497532,0.5481814,-0.08062342,0.3732263,-0.23818947,0.2617397,0.054027077,0.0024598038,0.13708512,0.19556372,-0.20561965,0.68132955,-0.2917064,0.15962924,0.5566217,-0.45119452,-0.3547745,-0.6002019,0.6667669,0.9525873,-0.020922132,-0.03809383,-0.6183279,0.38880607
0.045276094,0.7419922,-0.07690054,-0.14906266,0.62425065,0.32282555,0.17570086,1.1376051,-3.0601943e-05,0.16102722,0.8019845,0.6558085,0.41091803,0.6764687,0.3657782,-0.036595426,0.37274525,0.38703308,0.64668494,0.24035437,0.3034674,0.02017955,0.1801415,0.30919835,0.90052646,-0.065533265,-0.15935957,0.11153509,1.2325835,0.20659086,-0.07438836,0.64382863,-0.16948351,-0.15300195,0.09188661,0.44428942,-0.13181984,0.77264273,0.15767515,0.7478079,0.37358627,0.38787633,0.39807007,0.2494379,0.29429793,0.8898033,0.23767592,0.022958614,-0.062294472,0.88918424
-0.3741751,0.81880784,-0.37798572,-0.10576902,0.7610125,0.34958294,0.24750486,0.27589417,0.021207148,0.1870954,0.86711615,0.6651225,-0.2386921,0.51362234,0.27595177,-0.020299025,0.081355974,0.84761494,0.8169519,0.24188575,0.694082,0.70486045,-0.005172747,0.36450505,1.062036,-0.07709029,0.3739348,0.30024475,0.4142457,0.49846163,-0.16374677,1.0176088,-0.18470867,0.2777645,-0.14815369,0.55699486,0.6115512,0.3536591,0.3709356,1.3004004,0.43762055,1.1125312,1.0966729,-0.007903934,-0.019674513,0.84495956,0.26258507,0.3888241,0.29641896,0.20409712
-0.3113656,0.38575447,-0.18812393,0.046876747,0.08970262,0.20697035,-0.4318961,0.21131407,0.13926946,0.44558057,0.18000235,0.09621528,-0.5659988,0.40218055,0.18239123,-0.18310708,0.013315405,0.5549934,0.86236477,-0.6631819,0.205061,0.36594865,0.24386139,0.70545113,0.6939502,-0.044232346,0.2593119,0.49587336,0.23107788,0.7797452,0.001657301,0.8517174,-0.1281701,-0.19670913,-0.47057772,0.1735804,0.32034257,0.23228024,-0.25838912,0.8733646,0.76932794,0.36481342,0.5453106,-0.44412822,0.27723888,0.8903439,-0.107311964,0.3683984,0.22027403,-0.006898631
-0.22386512,-0.23146541,-0.16963077,-0.3216445,-0.14263739,-0.1565096,-0.8762689,0.43048635,0.07414851,0.15529752,-0.23379204,0.2507461,0.21983036,-0.024177922,0.07090687,-0.16842213,-0.07073809,0.7659001,0.63000435,-1.2890604,-0.27560574,-0.00877498,-0.1777523,0.6270892,0.2587263,-0.014570195,0.4621428,0.2141224,-0.13804828,0.47495845,0.13182335,0.68094856,-0.36512738,-0.5493311,-0.07799108,0.19136804,0.02424348,0.41251495,-0.64435345,0.007513583,0.5799258,-0.38142672,0.019912403,-0.27535352,0.42206514,0.7751189,-0.2284811,0.22629207,-0.3695727,-0.01112499
-1.0254258,0.006217397,-0.8053117,-0.34734592,0.15212587,0.018267859,-0.4978609,-0.5428824,-0.24818178,0.03547654,0.6739443,0.4101574,-0.5562644,-0.22019717,-0.15330654,-0.07729744,0.02950051,0.25656608,0.038657226,-1.179854,0.011195555,0.27773395,-0.45436668,-0.08576285,0.50577897,-0.22609238,0.02215744,0.03287788,-0.1927162,-0.0024150065,-0.3277924,0.6318334,-0.5017813,-0.26022363,-0.56958604,0.14009036,0.15140763,-0.16076034,-0.36418322,0.6101415,0.07906523,0.47078303,0.25276515,0.1480455,-0.011398726,0.3642413,-0.2437149,-0.047826286,-0.19533674,-0.4086112
-0.9764137,0.24027161,-0.97649145,-0.14785033,0.42210957,0.503739,0.032001596,-0.445155,0.072434805,0.39585254,0.7696353,0.15435204,-0.6542994,-0.16178983,-0.048626594,0.2837965,0.44575042,0.33738562,0.4830694,-0.54775435,0.4375596,0.36249095,0.011064576,0.14570644,0.85827553,-0.038284265,0.20258042,0.16004556,-0.36852098,0.34275842,0.063955516,0.67754567,-0.20252945,0.5038731,-0.68339235,0.38730863,0.44101223,-0.32571167,0.10319054,0.41905427,0.28173864,0.9986143,0.5376126,-0.3186843,-0.18962093,0.4323178,0.09524699,0.14914365,0.2884208,-0.38090298
-0.1494407,-0.29427597,0.03702409,-0.21517505,-0.2158629,0.15317543,-0.4352719,-0.110776775,0.068915576,0.49327075,-0.095728695,-0.15574647,-0.20557415,-0.16797769,0.18948606,0.5198734,0.28028354,0.39245903,0.3555047,-0.71182704,-0.10926268,-0.35166752,0.2918079,0.87803596,0.2871771,0.21002212,0.45660672,0.49589935,-0.38691172,0.54661083,0.5538374,0.6221351,-0.26595357,0.38287008,-0.35130236,0.38479626,0.2510289,0.23779228,-0.3588914,-0.09357576,0.6818796,-0.29905915,-0.49981245,-0.6216436,0.7030125,0.85871714,-0.21919537,0.22208716,-0.59859264,-0.30604145
-0.26701427,-0.1871585,0.034133945,-0.14399782,-0.03344689,0.35714784,-0.26543304,-0.20662297,-0.007772894,0.48898342,0.2591137,0.35813466,0.08480457,-0.1526137,0.13334973,0.49603957,0.56997967,0.23781943,0.11937035,-0.45149297,0.011916481,-0.3066449,0.1995103,0.44968668,0.2934832,0.33199698,0.011902539,0.49181563,-0.04421176,0.06388986,0.67142427,0.75121844,-0.14391199,0.328604,-0.3882701,0.0072859046,-0.079968266,0.12137884,-0.28806564,0.22394882,0.49498257,0.17162405,-0.3474325,0.11260207,0.44767323,1.0381204,-0.21461093,-0.042286273,-0.48788667,0.007524056
-0.6673415,0.24370922,-0.12491852,0.044452086,0.3768386,0.90770525,0.46412578,-0.68585396,0.03923169,0.29230762,0.68781096,0.44626942,-0.3928099,0.3877221,0.16645896,0.5603155,0.27626595,0.5751779,0.07798167,0.47520536,0.75343114,0.4110003,-0.009696001,0.60714674,0.73483723,0.18681677,0.061621673,0.3313539,-0.14288971,0.19294177,0.29825985,0.98601854,-0.14990832,1.0777485,-0.39758816,0.24792174,0.5050573,-0.38115096,0.41077244,0.19532564,0.467768,1.1715562,0.4751611,-0.15672822,0.120272174,0.9154262,0.3696373,0.19662057,0.36534604,0.2162266
0.22501183,0.12199254,0.5003163,0.083650745,0.13375106,0.5337745,0.30414063,0.30018315,0.2915753,0.43470338,0.35086703,0.19445068,0.3276835,0.662463,0.3415479,0.6539613,0.41668037,0.68160796,0.28890753,0.79449743,0.2393474,0.29493523,0.20477584,1.0412824,0.1436912,0.3451584,0.6318627,0.509191,0.29169673,0.7686836,0.81080055,0.6852873,0.18182467,1.0726786,0.43242484,0.3002044,0.7150196,0.25801829,0.09648051,0.024439787,0.76857024,0.41373476,0.23000495,-0.4759428,0.5369698,0.90909517,0.17439005,0.46345207,0.2649791,0.61231035
0.36779428,0.15271878,0.6163566,0.116464466,-0.3421874,0.02782206,0.045071386,0.07386705,-0.061938334,0.26769504,-0.16195312,0.25389248,0.29607284,0.54317313,0.27553686,0.3497878,0.0859475,0.28185102,0.13515434,0.69883424,-0.07128685,0.054611176,0.16128302,0.7790729,-0.30882317,0.42333135,0.34251106,0.15900514,0.82079214,0.3746279,0.6162443,0.5150856,0.37522143,0.38803676,-0.30641916,0.05753352,0.14263095,0.48341987,-0.08648955,-0.19738981,0.6828939,-0.025838455,0.06727945,0.081475146,0.354434,0.6706211,-0.118247055,0.24085332,-0.03787738,0.83515126
0.13862105,0.26119432,0.19764441,-0.16159007,-0.0645399,0.09344066,0.29077432,-0.050673466,-0.16800468,0.18442242,0.7177862,0.2889855,-0.1018869,0.42822993,0.10899494,-0.07877893,-0.25523105,-0.19772165,0.07852379,0.9601015,0.28376916,0.55687714,0.23031482,0.5664094,-0.17220066,0.1344058,0.18504956,-0.16535181,0.27929056,0.20238617,0.08658718,0.3197875,0.5096763,0.3719245,-0.16086408,-0.04848895,0.5630643,-0.11732452,0.20013672,-0.06693419,0.21259627,0.8465588,0.58551365,-0.33013424,-0.13169041,0.11848299,-0.11119509,0.26479766,0.37932652,0.5752965
0.6262638,0.10934555,0.46926144,-0.107762635,-0.4828541,-0.09327255,-0.09616446,0.21440972,-0.03525344,0.1305923,0.012962279,-0.12819766,0.059746295,0.6961189,0.034727354,0.02674481,-0.15235235,0.17840527,0.30485833,0.7440338,-0.2708773,0.21027991,0.23752885,0.7388392,-0.60264367,0.17216831,0.45708123,0.1530226,0.40254554,0.4747644,0.5562283,0.16861367,0.46705303,0.36512512,0.14264116,-0.055121634,0.6012748,0.15770821,-0.02499857,0.018164707,0.50646967,0.06707215,0.18575269,-0.6614118,0.10699968,-0.03294988,-0.111571714,0.36159816,0.04450999,0.515123
0.92945457,0.21018197,0.7002464,-0.03919866,-0.7239345,-0.18926287,-0.2664595,0.17592837,0.27134743,0.25990105,-0.4032437,0.0056670834,0.65055215,0.577312,0.35320666,0.25245127,0.11257831,0.24753188,0.7555674,0.28899953,-0.55929005,-0.1198424,0.70996535,0.6128686,-0.98851866,0.4463541,0.4604556,-0.116737284,1.1717966,0.47554064,0.44165713,0.18151633,0.41338646,-0.18040352,0.088885695,-0.039997105,0.27437255,0.44442558,-0.26696187,0.16334476,0.37417287,-0.59284675,-0.30213457,-0.09864176,0.45341164,-0.23584205,-0.3706503,0.20849915,0.16305156,0.39615956
0.1695819,1.0139874,-0.02366897,-0.14006448,0.006568947,0.121795066,0.2349825,-0.14242388,0.3287873,0.2576118,0.77671933,0.38797176,-0.006070927,0.07938568,0.11484507,0.34235436,-0.15737431,0.22406465,-0.31905764,0.4632415,0.25582266,0.5753714,0.24045156,0.2608663,-0.2768967,-0.0072785756,0.5729959,-0.2044203,1.3247054,0.2635807,0.011519601,0.70099735,0.25792643,0.19156395,-0.3708844,-0.21543665,0.8169622,-0.45679352,0.46610373,0.46730083,0.07674338,0.55983984,0.3779797,-0.32415244,-0.011632946,-0.8121093,0.18490957,0.258222,0.86171854,-0.17155606
0.26795754,0.90665776,0.05935188,-0.018050242,0.09762185,-0.15953556,0.2058549,0.94155496,0.56595236,0.059546597,0.458258,0.33151543,0.66147983,-0.15010837,0.1292007,0.6078271,0.08422568,0.30257815,-0.37971237,0.42737377,0.0055341665,0.48930687,0.0843181,0.37198347,-0.08893075,-0.1265533,0.95240086,-0.09572041,1.3309588,0.5558612,0.22460504,0.8586367,0.030342164,0.21895477,-0.17885868,0.27962798,1.2192553,-0.1807358,0.3944313,0.5729589,0.2861868,0.15307388,-0.0048724203,-0.40806338,0.07647296,-0.88223445,0.20814338,0.7867318,0.7157362,-0.46677577
0.70364743,0.6138035,0.31121013,0.04461373,-0.5401134,-0.26810604,-0.14798743,0.31709018,0.2233942,-0.2147515,-0.36347136,0.13533066,0.19803782,-0.14721064,0.108538546,0.5583661,0.3370749,0.1979387,0.004837366,-0.19678192,-0.512133,-0.1947203,0.12813568,0.064942114,-0.22479065,-0.061880935,0.67222327,-0.25732663,1.0109868,0.36552846,-0.20653774,0.20638587,0.281359,-0.7840759,-0.21865337,-0.1612446,0.28483152,0.20139457,-0.20553438,0.15489541,0.011059356,-0.82762927,-0.8064857,-0.10009993,0.13887317,-0.7279135,-0.31598783,0.22570564,0.056994893,-0.34258145
0.14348526,1.2958498,-0.022290012,0.0037716923,-0.05032543,0.14294879,0.49261475,0.028241886,0.26877686,-0.3224382,0.5455462,0.40062883,-0.3170908,-0.16628735,-0.026678244,0.30757833,-0.20168248,-0.14332649,-0.36115524,0.32321623,0.11753213,0.39557147,-0.060426038,-0.017049242,0.47462973,-0.5230009,0.4857238,-0.61427534,0.73001516,0.044052307,-0.3901993,0.20479785,0.189263,-0.5638107,-0.47195858,-0.0890639,0.67394,-0.5512499,0.35220253,0.40097213,-0.09240978,0.2769347,-0.08156298,-0.3845007,-0.44228616,-0.83502907,0.17663682,0.40993604,0.3436275,-0.4401099
0.4202095,1.0654454,0.33650362,0.20849375,0.20150244,-0.22235234,0.69221985,0.81641906,0.47304484,-0.3020071,0.38866112,0.16813539,0.1452417,0.023604413,0.12857835,0.35589573,-0.0089247655,-0.35900804,-0.22454135,0.64734167,-0.09136675,0.25740913,0.144373,0.17453516,0.22229753,-0.44832373,1.0939791,-0.4458022,0.7624595,0.3831451,0.17844513,0.105518244,0.6343014,-0.25372502,0.036228396,0.2909337,0.9433048,0.08539112,0.29498735,0.7245241,0.3881651,0.26812887,-0.039135102,-0.5773849,-0.2765167,-0.5268424,-0.07483136,0.59204525,0.104561076,-0.43594038
1.0439949,0.18688264,0.6861357,-0.063418314,-0.66977715,-0.44204295,0.19949107,0.29473004,0.22437346,-0.16555277,-0.35913804,-0.38325217,0.29940137,0.22925258,0.10467995,0.018401677,-0.14448936,0.41326755,0.0393036,0.38107356,-0.6894172,-0.24494399,0.37944305,0.37904856,-0.48401555,-0.14315836,0.607649,-0.3446455,0.6138206,0.5212533,0.2952441,-0.3457346,0.8185294,-0.687295,0.52398527,-0.16159633,0.2371792,0.39477164,-0.2027403,0.08520899,0.35504812,-0.6265526,-0.58028525,-0.44885898,0.18796186,-0.30721924,-0.63856006,0.29816252,-0.2338969,-0.10984743
0.50900465,0.5795123,0.4816343,-0.113958985,-0.56994736,-0.28247938,0.40224388,0.14975819,0.12831396,-0.1615036,0.05878243,0.03233992,-0.2539322,0.006248227,0.12019731,-0.21349065,-0.40531635,-0.31953424,-0.22201842,0.7424306,-0.51754,-0.007089719,0.41131458,0.37235802,-0.24350365,-0.28045994,0.47061822,-0.56566083,0.5521595,0.1373535,0.18559055,-0.3111101,0.678595,-0.65213805,0.21035737,-0.31085688,0.20890602,-0.16618128,-0.12611471,0.63914996,0.19156516,0.0754986,-0.27855116,-0.661271,-0.06679185,-0.3640279,-0.47163755,0.086643815,-0.11210404,-0.17574452
0.59223276,0.2950611,0.53601813,-0.20935586,-0.36605456,-0.53270984,0.5005524,1.1679662,0.18486634,-0.33012632,-0.035231777,-0.2411639,0.027968133,0.078208484,0.07522186,-0.29580435,-0.31939754,-0.24677224,0.044662233,0.8458943,-0.6920677,0.024349118,0.28779495,0.58602893,-0.4003057,-0.22031388,0.7495832,-0.6761034,0.51423484,0.31929836,0.37506625,-0.27126783,0.388608,-0.33882993,0.23864858,0.093912795,0.624162,0.20620054,-0.06208366,0.34047815,0.62357664,-0.24674326,-0.08360985,-0.6177579,0.22705716,-0.6677046,-0.77570325,0.2700008,-0.2525267,-0.17600985
0.7091035,-0.0651023,0.83818,-0.053719673,-1.1229798,-0.42027283,0.11313465,0.097608335,0.015515186,-0.21168153,-0.5448867,-0.19293112,0.26532045,0.145309,0.18969351,-0.28699338,0.011105737,-0.10567039,0.25877824,0.51794034,-1.0584464,-0.43261817,0.5975799,0.6025874,-0.9176409,-0.12343577,0.16658282,-0.28833172,0.01546571,0.3413353,0.567123,-0.46092275,0.46734142,-0.87209177,0.17707552,-0.2251847,-0.1815457,0.43410757,-0.40863454,0.17721598,0.32982543,-0.7045871,-0.5298034,-0.25049838,0.5193837,-0.2747246,-0.7996774,-0.009295743,-0.41671622,0.30230784
0.2524956,0.65257204,0.35439232,0.07820873,-0.3709448,0.10730966,0.71849626,0.3435461,0.17192173,-0.17226169,0.4300349,0.2581115,-0.27118203,0.50203145,0.18255718,-0.49206293,0.004161064,0.06950643,-0.007110094,1.127213,-0.41099137,0.0004358434,-0.06564518,0.57798225,-0.24388495,-0.4559545,-0.08517631,-0.055533446,0.8249611,-0.36468753,0.44201034,-0.09996018,0.44686496,-0.51100546,0.09071234,-0.16946009,0.13273272,-0.005762591,0.1508381,0.7553766,0.38430348,0.46720877,0.0184885,-0.25726727,0.07713658,-0.05801797,-0.3454684,-0.25527734,-0.1501765,0.37277246
0.6103765,0.4507931,0.6829622,0.25493947,-0.28855923,0.18791799,0.6082584,0.87988,0.30660087,-0.26908445,0.13064018,-0.08715152,-0.03640463,0.48983684,0.2656207,0.0916705,0.015812043,0.59026206,0.14316101,1.2554657,-0.75500023,0.023782521,0.030410185,0.9929375,-0.5402132,-0.43135342,0.54925674,0.012147129,0.7685449,0.056450777,0.84878266,-0.40015265,0.4397631,-0.22787023,-0.031683538,0.4896128,0.4725457,0.075004786,-0.107953176,0.52884066,0.77414274,0.16489486,-0.22684567,-0.25186542,0.181716,0.37925085,-0.531326,0.25004926,-0.28620994,0.29995778
0.63484555,0.06860356,0.8438092,0.43317884,-0.80812645,-0.10453586,0.15065613,0.67275697,0.06567177,-0.15404043,-0.5916678,-0.17426729,0.37442964,0.68721443,0.37565288,-0.05302178,0.21511267,0.7394215,0.3670143,0.86159086,-1.1954435,-0.4808515,0.16759238,0.9990727,-0.90362084,-0.20844379,0.31835008,0.36488205,0.5420395,0.24956505,0.733967,-0.5767348,0.7986418,-0.88254327,0.25804576,-0.00600459,-0.24664707,0.6394198,-0.54071844,0.8277877,0.5389267,-0.4352801,-0.71904916,-0.38492325,0.43375665,0.42874682,-0.7947942,-0.14321683,-0.73628426,0.739139
0.38449538,0.7666708,0.4632167,0.6860708,0.14619556,0.33619025,0.74176186,0.8561387,0.1493069,0.18529578,0.5668171,0.19877698,-0.1607121,0.8243434,0.44639382,-0.078519024,0.18170936,0.9639473,0.4135531,1.4680879,-0.29810286,0.050950095,-0.017002797,0.9560104,-0.11072347,-0.5218269,0.4600338,0.25779483,0.7605095,0.4060014,0.86358964,0.08643365,0.9235554,-0.17671919,0.26553717,0.042861216,0.2869833,0.42440456,0.23590945,0.57381207,0.767556,0.9268098,0.07197388,-0.28762367,-0.00800253,0.252445,-0.093091145,0.18038733,-0.24891779,0.81792367
0.85767496,0.77063894,0.9438687,0.6735973,0.059339486,-0.017539386,0.52048784,1.2446194,0.29668584,0.25079703,0.29530635,-0.061783724,0.36812845,0.71368635,0.7482355,0.13458176,0.31334248,0.714435,0.6788576,1.3113611,-0.5960361,-0.26118642,0.549471,1.2822838,-0.43463728,-0.11292227,0.6387432,0.48388228,1.1762681,0.7005028,1.3404849,0.0262874,0.8517076,-0.11187274,0.33136153,0.48102042,0.16507475,0.9228345,-0.014774769,0.5381432,0.8978242,0.41117886,-0.36431912,-0.125941,0.57364476,0.4907626,-0.54231304,0.42336184,-0.57762194,0.7829188
1.12173,0.33359623,1.0852025,0.57992464,-0.44271052,-0.02289086,0.20802179,0.37347868,0.13204738,0.5989329,-0.18966754,0.21036142,0.5642194,0.6999825,0.901708,-0.18055996,0.524868,0.4452264,0.72583425,1.0486342,-0.8492507,-0.44280237,1.0214436,1.3776433,-0.65743345,0.044806287,0.39853075,0.4031442,1.2642882,0.7802843,1.4098741,-0.015681695,0.88696456,-0.6152625,0.23967063,0.18076581,-0.2733162,0.9868152,-0.12313013,0.907217,0.84772104,0.12597744,-0.5498938,-0.29556903,1.0020925,0.4548677,-0.6301315,0.37798113,-0.83752906,0.89814866
0.6385076,1.1156938,0.7132426,0.28646,0.67096317,0.09302039,1.0551859,1.337108,0.3444861,0.3175289,0.9777289,0.46711427,-0.14829808,0.44123954,0.7020568,-0.0977784,0.11389837,0.5766972,0.4170143,1.6776472,0.1706474,0.48176676,0.46621993,1.2652862,0.45629802,-0.1538023,0.81330067,0.15502545,0.8000143,0.8309347,1.5289824,0.36476249,0.8306663,0.21868624,0.37303722,0.00017586666,0.6779306,0.45319474,0.7963558,0.49928173,1.0133181,1.2964953,0.40874937,-0.23781398,0.73330504,0.21489981,0.10509118,0.63518,-0.47842544,0.49780065
1.0896964,0.5135188,1.0574533,0.11923935,0.23983955,0.007817075,0.5850385,1.189112,0.16087443,0.20257752,0.32929465,0.31133205,0.38414314,0.5421167,0.79246414,-0.17861062,-0.441245,0.22555678,0.98494613,1.1014667,-0.025974536,0.16033226,0.7427415,1.3201151,0.18343432,0.07455975,0.42647472,0.36724904,0.82149816,0.8608204,1.496896,-0.0109459935,0.9903322,-0.14907056,0.4629667,0.30681196,0.15898454,0.5393603,0.3584469,0.64465445,1.2240447,0.72283775,-0.08398807,-0.21310797,1.0423198,0.5721556,-0.5001571,0.5439195,-0.5718347,0.6474858
1.1670246,0.23840427,1.1380373,0.028233811,-0.084611684,0.31643742,0.43002573,-0.003309968,-0.027143925,0.29291633,-0.0677882,0.26962444,0.07280926,0.76231384,0.7837927,-0.54266757,-0.06697878,0.020347316,0.9203714,0.90253127,-0.37500867,0.031990904,0.8335082,1.442185,0.06932316,0.19423883,0.19775614,0.6214023,0.45590225,1.1435918,1.504123,-0.3203263,0.8195148,-0.60228676,-0.05853952,-0.15880759,-0.16495737,1.138647,0.16235311,0.33505628,1.2546687,0.63867307,-0.37437543,-0.3797451,0.97248304,0.94833344,-0.3394554,0.41644928,-0.7879146,0.90608966
0.36109903,0.5991831,0.4125919,-0.27738103,0.72658026,0.54372096,0.7913951,1.1516069,0.07173096,-0.07739734,1.091601,0.47362158,-0.39126077,0.9026424,0.55430996,-0.47243968,-0.42655212,0.43052208,0.52931625,1.1770785,0.3079838,0.5042563,0.040477328,1.0747997,0.73931015,-0.19127783,0.35487494,0.8862722,0.33584127,0.8574351,1.3225262,-0.008762467,0.57877225,-0.11443996,0.1390531,0.17890663,0.44758496,0.5718176,0.5923031,0.42431104,1.2057387,1.5126878,0.14955439,-0.2876568,0.30815595,0.8728873,-0.06668848,0.4642132,-0.6508407,0.6329683
0.6508808,0.6548638,0.52763104,-0.1345147,0.52849,0.65778303,0.2767465,0.8880239,-0.023012662,-0.13634847,0.68443847,0.40761882,-0.1786318,1.2697182,0.4600856,-0.34534335,-0.56742567,0.19970213,0.9351963,0.92799044,0.06257213,0.2715595,0.38115954,1.2820385,0.5930525,-0.20052606,0.29906613,1.0881695,0.2487626,1.064716,1.1618767,0.0330932,0.43650657,-0.23748386,-0.120884545,0.04979539,0.19757327,0.59356964,0.25629354,0.68139666,1.4078622,1.0928029,-0.16617401,-0.045683745,0.19816998,1.1571724,-0.38014382,0.32540092,-0.56881094,0.8327254
1.2437054,0.03917172,0.8783776,-0.17193529,-0.10504841,0.7321993,-0.10640588,0.33616418,-0.20071815,-0.03717031,-0.1604082,0.044192523,-0.033725046,1.3312647,0.562857,-0.558912,-0.22495574,0.53152615,1.0820688,0.4272302,-0.2959613,-0.20115626,0.5623449,1.5964549,0.08439915,-0.1714509,0.07158659,1.2301893,0.16635725,0.7932649,1.0934383,-0.5116827,0.5139903,-0.71695226,-0.495955,-0.27691463,-0.3892389,1.2182982,-0.14719734,0.8717133,1.3778735,0.51289535,-0.6171065,-0.45125335,0.4980892,1.4837548,-0.362936,0.35332558,-0.5786948,1.0994977
0.6565588,0.61946917,0.81464326,-0.07058453,0.25564152,1.0990134,0.20085964,0.676948,-0.04213888,0.04268829,0.77564543,0.42027593,0.08991252,1.7481452,0.61542517,-0.33637643,-0.40746862,0.2656003,0.49407855,0.857906,0.025359629,0.09845702,0.10816377,1.459273,0.53535897,0.058776453,0.54170394,1.2402036,1.0091712,0.6786815,1.3858025,0.19759504,0.59402144,-0.22918068,-0.28140068,0.2013422,0.07223488,1.1170543,0.12524685,0.3864679,1.5095838,1.2944986,0.05439757,-0.55026793,0.20275679,1.6244462,-0.034142945,0.41609994,-0.2720669,1.0837104
0.4832594,0.78286153,0.46905366,0.057922415,0.5693817,1.418925,0.5075777,0.1598786,0.08990851,-0.002911167,1.4607998,0.58147496,-0.56947386,1.6824332,0.44265968,-0.022976106,-0.26762816,0.33928472,0.5864681,1.3391411,0.29996878,0.44485083,-0.018812098,1.1702884,0.7263606,-0.24590628,0.46580714,1.0879873,0.8325595,0.3878673,1.0607814,0.6888603,0.66957045,0.28178182,-0.41045076,0.1723242,0.24226525,0.46059728,0.52751005,0.4684843,1.4099518,1.6667601,0.46245724,-0.24788031,-0.031444088,1.5560994,0.19246802,0.48522532,0.38569903,1.1106226
1.5656317,0.23698255,1.2031318,0.48027113,-0.318156,1.11207,0.04491172,-0.2560582,0.1666582,0.090537295,-0.2695325,0.33603838,0.15658805,1.586627,0.77454036,0.011462062,0.35762194,0.93272096,0.7488118,0.81304145,-0.4753022,-0.20226039,0.7232104,1.6063486,0.044465374,0.17918602,0.31999773,1.3386812,0.5692054,0.5061595,1.2977482,0.22643462,0.85156333,-0.26152334,0.14676197,0.18654428,-0.35606223,1.1726531,-0.06815867,0.4372465,1.4775912,0.6996351,-0.060248926,-0.52870196,0.8558804,1.8505712,-0.045480635,0.32193217,0.095490016,1.4163041
1.1913457,0.5772842,0.85060954,0.59735525,0.15809266,1.1433942,0.19648023,0.97177327,0.5209981,0.49762428,0.63878787,0.78895813,0.55329174,1.5480208,0.88025755,0.29796162,0.569951,0.98443025,0.4512095,0.76209927,-0.16630064,0.016242431,0.8090826,1.1453345,0.4740578,-0.12355317,0.49521416,0.9703917,1.241325,0.48164284,1.113652,0.6681877,0.56198496,-0.19461453,0.49986923,0.8958648,-0.049021646,1.2129229,0.20576723,0.65233314,1.2283584,0.7580811,0.14479321,-0.1269352,0.66797704,1.253817,0.1209094,0.37578508,0.17934045,1.3931444
0.63956183,1.333621,0.3531078,1.3876594,0.79522574,1.5809823,1.2271688,0.7377895,1.0937747,0.91034836,1.8228205,1.1240133,-0.18914078,1.5063359,1.0678766,1.1268688,1.0698813,1.0639205,1.0223315,0.98498636,0.7146708,1.1184323,1.1243418,0.7815269,1.4814947,0.04888907,0.98675084,1.0268615,1.2692977,0.84063786,0.8481306,0.67482334,0.66489595,0.754279,0.23128764,1.2015964,0.95852375,0.9301004,0.87020844,1.4700202,1.1208811,1.8578528,1.361519,-0.24634758,0.5837748,0.72751516,0.53692347,1.2366084,0.9646865,0.7115445
1.4808686,0.9061909,0.74182296,1.8403972,0.28669804,0.99276847,0.7075478,0.66111255,1.3878593,1.6243385,0.5175303,1.0006961,-0.05112139,1.4688464,1.4404176,1.1677268,1.7883967,1.4176382,1.7589247,0.1451458,0.5319161,0.66463214,2.0229385,1.2027724,1.1995238,0.13084479,1.1123668,1.3991307,0.964825,1.6297412,1.0852877,0.44450375,0.38795912,0.66469485,0.28130284,1.142053,0.6457842,1.6812644,0.53275955,2.011824,1.5821234,0.78988993,0.66781086,-0.46758318,1.349207,0.8747226,0.28227344,1.223794,0.5263493,0.58899903
1.3943483,1.3558594,0.51272696,1.4957993,0.71982884,0.9055759,0.8388159,1.6385056,1.6406314,1.6435522,1.2030238,1.6565582,0.6987009,1.1242884,1.4471806,1.2342379,1.3105056,1.5161463,1.6072774,-0.054722793,0.812017,0.9965995,1.8775216,1.0973512,1.527192,-0.01571807,1.296375,1.3158956,1.2092841,1.8554366,1.4444872,0.4640988,0.40151396,0.65527457,0.73786545,1.5425013,0.8646667,1.4706223,0.76809746,1.8592678,1.7116462,0.9241141,0.7421653,-0.1519229,1.2520641,1.0596887,0.29893583,1.4158976,0.57573617,0.57584614
0.7155953,1.9674348,-0.2199722,1.2774991,1.7534527,1.0913365,1.4726893,0.6651131,1.6644398,1.104629,2.085024,1.8690292,-0.1710536,1.0786794,1.3722491,1.3618801,1.108364,0.9763999,1.0299002,0.515739,1.8363255,2.0076544,1.3206047,0.5619146,2.3913484,-0.22920991,1.1557986,0.96305656,1.0851885,1.3071654,1.0343732,1.089807,0.16103578,1.6001292,0.52975875,1.1919489,1.652508,0.7184789,1.6845988,1.8229109,1.4208523,2.1409776,1.7762531,0.37493148,0.5372235,0.5918032,0.86654764,1.6625156,1.2882211,0.16202307
1.0352467,1.4197521,0.2246191,1.134067,0.95350087,0.57790315,0.76854014,0.5619087,1.3917153,1.1945577,0.5689649,1.5309707,-0.11314952,0.5079476,1.4512466,1.0494674,1.2984529,1.5361953,1.4796085,-0.14380586,1.1726072,1.3025761,1.4741865,0.9157768,1.6592829,-0.07339883,1.2057549,0.9919808,1.1587515,1.2591455,1.0988992,0.8388715,0.23940869,1.1822526,0.4078304,0.93543476,1.0005293,1.0547136,1.1218029,1.530872,1.2504772,0.8444822,0.94362545,-0.11373712,0.96541744,0.97778344,0.31265014,1.5181757,1.0003204,0.20661779
1.0597713,1.5018514,0.21260516,0.5809753,0.95992386,0.34571642,0.4925235,0.72554976,1.1997799,1.1284609,1.0318954,1.4930352,0.26241058,0.57190895,1.3272737,0.74578774,0.9070259,1.1943604,1.0798585,-0.1616799,0.9438828,1.2147391,1.1962036,0.8498789,1.5789607,-0.17764682,0.7831291,0.95142967,1.3738594,1.3715943,1.1298989,1.0075986,0.3898938,0.96952796,0.60308534,0.4309738,0.71997523,1.0010053,0.9755792,1.2861438,1.109394,0.56187654,0.59710515,-0.18525364,0.8940778,0.6030853,0.3235333,1.1657486,0.34076637,0.36816704
0.7608159,1.9144065,-0.04240769,0.41679892,1.6433498,0.707095,0.94120735,0.68728274,1.2666757,1.0301429,1.6564587,1.6680354,-0.018401189,0.29629272,1.2217225,1.0005002,0.76015466,0.73052293,1.0111555,0.23154896,1.4365296,1.7099444,1.1937217,0.54380625,1.9816275,-0.24504538,0.71417874,0.6587801,1.1946253,1.2120961,1.0637156,1.1827912,0.3350376,1.6817433,0.36127278,0.63711464,1.3668679,0.5583791,1.2885164,1.4564792,0.897091,1.4101326,0.8971261,0.25982735,0.4495275,0.48549858,0.33913073,1.4235588,0.889647,-0.0029186516
1.5002329,1.3278068,0.5334491,0.437651,0.67703944,0.4165184,0.5194386,0.31066075,1.1803476,1.1463381,0.32162654,1.0264214,0.17660117,0.47269195,1.3714608,0.9419683,1.1668484,0.84338266,1.220163,-0.03057968,0.5105852,0.9045058,1.7678269,0.9951333,1.0147109,0.15609805,0.62152874,0.88918537,1.2400137,1.2895056,1.1133803,0.9850544,0.5414845,1.2724705,0.3347756,0.34165868,0.7305516,1.1807617,0.62657297,1.2550161,1.0609772,0.5327833,0.0739095,-0.37662163,0.98372567,0.7384558,0.068571605,0.9311091,0.59703207,0.3408568
1.7329203,1.5270182,0.76773983,0.24898557,0.64536256,0.34327886,0.70280343,1.0123502,0.9505882,1.1810472,0.45138124,1.0932823,0.43693927,0.3895332,1.4142787,0.82225347,0.7926397,1.2020923,0.9532739,0.19419773,0.10275314,0.6098466,1.8003248,1.2128469,0.62094605,-0.052867502,0.34349963,1.1505177,1.7995362,1.3811896,1.3968602,1.3463289,0.28587726,0.99662876,0.91818106,0.200287,0.5163379,0.8342774,0.5330135,0.53203326,1.0767658,0.28711835,-0.23850387,-0.2859998,1.265649,0.5235987,0.13672762,0.67392266,0.39727357,0.514346
0.5852231,1.6241199,0.21468304,0.15094851,1.2099636,0.83880854,0.8282095,0.47165853,0.8103701,0.8749777,1.4469144,1.0782833,-0.21256618,0.44214505,0.9155658,0.7483089,0.48991507,0.5754492,0.35629702,0.63578457,0.5261063,1.2545171,0.5871184,1.0191959,0.7684502,0.3589851,0.44618046,0.91686106,1.1908933,0.34459123,0.7089173,1.4673587,0.2420884,1.6490139,-0.23981197,0.31477618,1.2760103,0.08363729,0.9606351,1.2017605,0.8695098,1.3965745,0.43793938,0.26443383,0.8330829,0.20597944,0.29558516,0.935289,0.71872735,0.33145645
0.91844994,0.9430921,0.36085263,0.7664887,0.22847162,0.3764804,0.19778036,0.3727405,0.77646315,0.77296776,0.4482914,0.46718577,0.10785316,0.17392407,1.0206606,0.83459926,0.6986857,1.1176102,0.53402853,-0.023377424,-0.105191566,0.57048994,0.88822794,0.9133356,0.2871771,0.16688548,0.6349339,0.6480636,0.983014,0.82701033,0.74211764,1.2011952,0.61554337,0.9971873,0.13875954,0.21646674,0.72194445,0.19148657,0.33524755,0.7090841,0.71312684,0.62040246,0.17040123,-0.70422065,0.6978206,0.3923682,-0.056870274,1.1090633,0.7349187,0.21245508
0.7943846,0.7635091,0.4097962,0.862586,-0.06324436,-0.025384478,-0.28406835,0.9546996,0.77695274,0.55216897,0.07745338,0.628796,0.7586775,-0.055660535,0.8119646,0.8874131,0.8960062,1.5461247,0.3169309,-0.7039787,-0.23436452,0.33487302,0.46612716,0.7527369,0.38744417,-0.11560935,1.0940846,0.64811563,1.1133966,1.0505494,0.6712069,1.1053469,0.3444106,0.25549737,0.40187207,0.5050639,0.4425902,0.099968426,0.03310564,0.59417856,0.5749399,-0.15275438,-0.15093379,-0.63159394,0.676975,0.29183978,0.16697446,1.1027746,0.310497,0.26148465
-0.25190374,1.1108345,-0.49111697,0.77028733,0.6334837,0.25168738,-0.07333224,0.18004797,0.60215443,0.21660405,1.5213722,1.0402942,-0.052461185,-0.32044047,0.51991457,0.9304283,0.8081074,0.8553469,-0.051021703,-0.8656347,0.56762314,1.042334,-0.24066032,-0.1805153,1.2009317,-0.5670636,0.9779327,0.16207443,0.5715252,0.13405442,-0.34317,0.98613197,0.28769177,0.16641809,0.0014026,0.6651277,0.7828727,-0.5468767,0.41871017,0.9785548,-0.12487908,1.0155271,0.5823766,-0.0859325,-0.41185704,-0.38623634,0.58748204,1.203543,0.64921504,-0.18292743
0.07584855,1.3052926,-0.5206607,1.1381351,0.6110215,0.2630908,-0.17492534,0.24246112,0.7667929,0.37728724,1.0403359,0.86842245,-0.23762445,-0.2579582,0.62915844,1.0606176,1.2470279,0.76066405,-0.058298603,-0.85915023,0.85573906,0.95692325,0.26176885,0.11088465,1.4765818,-0.8661766,1.3286424,0.36464795,0.5200177,0.33838123,-0.17265816,1.1103379,0.24527283,0.35235348,-0.07323964,0.5573214,0.7952096,-0.63980705,0.537628,1.0141962,0.11572608,0.93659407,0.36098185,-0.743964,-0.58397,0.09798179,0.6786641,1.3668361,0.59703207,-0.44263056
0.5303295,0.8283992,0.02023102,0.7796088,0.29085836,-0.08587575,-0.7445218,0.71657234,0.5332389,0.38377118,0.25084272,0.6438486,0.31767696,-0.28738827,0.6089942,0.68039423,0.8029706,0.73657286,0.0104462085,-1.0717245,0.40511796,0.22878873,0.21999253,0.3609402,0.9251643,-0.5729987,1.1812907,0.46031633,0.8261043,0.25859976,0.36971396,0.49061307,0.47010526,-0.16370049,0.3463552,0.66854453,0.38094473,-0.061702996,-0.018140368,0.19260094,0.35254294,-0.1766959,-0.3986708,-0.80659896,-0.3229704,0.33730945,0.27145523,1.3415567,-0.07448676,-0.29099333
0.10490441,1.0191226,-0.118061505,0.44212314,0.12015699,-0.074864596,-0.708118,-0.25429603,0.04547449,0.21963431,0.6593617,0.62252104,0.012330262,-0.27480125,0.26798564,0.44252396,0.6264841,0.5159808,-0.11857802,-1.012264,0.23907174,0.08365288,-0.14539362,0.25810227,0.8482444,-0.6327013,1.0063643,0.31031102,0.99185634,0.002824695,0.32934102,0.4675584,0.07374648,-0.23276834,-0.4131146,0.12901075,0.30945322,0.14966792,-0.082827605,0.32253364,0.13750263,-0.06892917,-0.51765573,-0.4824134,-0.3645445,-0.011836917,-0.043545566,1.316427,0.13408267,-0.28479594
-0.00016645623,1.3268944,-0.51295364,0.61645615,1.0195371,0.3698681,0.20136143,0.046458617,0.13544421,0.29873866,1.5432272,0.6591694,-0.5574367,-0.21962367,0.32478583,0.42737114,0.31721658,0.38027778,-0.673499,-0.18515302,1.0393419,0.6813249,-0.27747265,0.39165467,1.4018325,-0.9656244,0.7588099,0.41750225,0.8431838,0.24721472,-0.22550161,1.0203878,-0.33978418,0.44960704,-0.52968264,0.12928712,0.87426496,-1.0463316,0.75973636,0.45788822,0.022778608,1.148074,0.37873614,-0.7422159,-0.2686508,-0.21088777,0.39863738,0.8649408,0.82384115,-0.64507884
0.7152809,0.664349,0.28211978,0.98233724,0.24617128,0.22966509,-0.47429878,0.24598539,0.24591723,0.82077706,0.4281132,0.077980496,0.49522015,-0.15533032,0.737614,0.7633317,1.2529682,0.96763694,0.7206007,-0.47147265,-0.023408888,-0.0858902,0.6416526,0.56058425,0.36906847,-0.009835208,1.0687901,0.6922563,0.6680514,0.6679002,0.21672606,0.41248816,-0.21113339,-0.033373848,0.05709343,0.65259093,0.49245954,0.22287333,-0.09825856,0.379202,0.46407747,-0.08059042,-0.53807986,-0.6277994,0.56925315,0.7040974,-0.2853254,0.7606289,0.25493264,-0.20066677
0.655893,0.26475924,0.44272122,0.9240646,0.1522536,0.42780972,0.26520497,-0.67630506,0.7911827,1.0716006,-0.04548102,0.14410838,-0.14538823,0.2356819,0.86374444,0.74557984,0.999832,0.55906284,0.58592594,-0.4738415,0.31712258,0.08859243,1.0230441,0.6667416,0.61678106,0.17116392,1.4181817,0.61721456,0.46232387,0.5665778,0.2916578,0.35078225,0.043067846,-0.21181168,0.09326746,0.3480401,0.8045992,0.44900376,-0.055754643,0.78713727,0.43946582,0.072822906,0.14819723,0.09088696,0.5863317,1.0923824,-0.035935156,0.8419947,0.89478403,-0.1922709
0.45958564,-0.43816733,0.93338484,0.5542502,0.21843573,0.5193171,0.53547364,0.41198388,1.202534,0.9754262,-0.92885655,0.9134373,0.70833063,0.17670107,1.1456293,0.106745325,0.97917014,1.3803077,1.2130321,-0.5671598,0.88005966,0.22643517,1.357881,0.5078995,0.31589186,0.6466584,0.91388565,1.134391,0.7964168,0.95323753,0.14717376,-0.25672042,-0.27531457,-0.2932967,0.35947877,0.68037784,0.9897573,0.8328424,0.13964061,1.2693276,0.4276366,0.16181982,0.5208373,1.8701752,0.77927077,1.5987805,1.3126267,0.9582102,0.9810404,-0.4494913
0.3939094,-0.95730937,1.208062,0.29343766,0.24556914,0.6015225,0.43974254,0.64715827,1.4357821,0.8682026,-1.8726349,1.5055671,1.2909303,0.27009243,1.0726064,-1.0868945,1.5070801,1.3848383,1.9935578,-0.6712934,1.0449396,-0.52998555,1.3239217,-0.34674543,-0.03185316,1.4508497,-0.7215206,1.1395671,0.4537505,1.2743256,-0.73619485,-0.08288896,-0.4285996,-1.3603468,0.5591372,0.7500713,-0.23657931,1.8791968,-0.097242534,0.8790342,-0.3832281,-0.8037077,0.18911222,4.6538515,0.7153286,1.9199708,2.6102924,-0.45222232,0.36797956,0.711734
0.176795,0.29497623,0.8000981,0.6938836,1.4717361,1.1780808,1.284466,0.96720123,1.507819,1.1394969,-0.21172978,1.9147413,0.6907668,0.72180605,0.9472643,-0.37585685,1.1893756,1.1303884,1.3453299,0.7653295,1.9339685,-0.61927533,0.4433949,-0.65432924,1.0903696,1.123066,-0.67111605,0.480813,0.8764687,1.2243435,-0.5889939,0.49849644,-0.60308206,-1.0029018,0.42051902,1.3418877,-0.062310565,1.8748008,0.83691233,1.0485439,-0.52952933,0.63905245,0.63757515,4.2681246,0.08982352,1.1504431,2.395993,-0.5891879,-0.0900929,0.45599192
0.034826342,0.37172818,0.21509862,0.74711835,1.9829462,1.0584711,1.4639305,-0.04936377,1.7354057,1.0240161,0.52781725,1.0599234,0.06615217,0.9971808,0.569205,0.0069656065,0.5489735,0.5491876,0.18565477,0.77954257,1.7708484,-0.46289474,0.08097785,-1.09553,1.4992105,0.62784886,-0.084991775,-0.091844775,0.32733512,0.668353,-0.970309,0.058303013,-0.421702,-0.2753584,0.099584594,0.96050835,0.34638572,1.2194599,0.8353671,0.49212593,-0.5847161,1.1391883,0.46559426,3.3806138,-0.34244972,0.38620788,2.1340053,-0.24344864,-0.119321875,-0.4462694
-0.5817645,-0.13587028,-0.8396723,0.573836,1.2640661,0.78647053,0.885712,-0.13606589,1.6136405,0.36680704,0.20163126,0.21481286,-0.61647123,0.5251831,0.012073669,0.6567943,0.5800523,-0.17995167,-0.8335491,0.20637695,0.7164095,0.10938217,-0.21516773,-1.4488368,0.913388,-0.1691421,0.9011791,-0.11715346,-0.22798474,-0.5599365,-1.1950771,-0.47419408,-0.49673426,-0.20422818,0.16884476,0.9185013,1.1219423,0.47649565,0.105582446,0.15635408,-0.67138237,0.6591801,0.023182932,1.3100067,-1.312005,-0.3164526,0.76336557,1.0126746,0.3984115,-1.3409498
0.5643976,-0.9762162,-0.44020885,-0.024516,0.78316444,0.6003177,0.26598048,-1.0581896,1.3632249,-1.1269789,-0.9022161,-0.34240267,-0.77665997,-0.2583808,0.13529977,0.67314273,0.8213941,-0.24579558,-0.08407009,-1.0030519,-0.25001284,-0.7640916,0.42251834,-1.6599245,0.22960089,-0.358659,0.9100236,-0.27535224,-1.295455,-0.030618832,-1.7735022,-1.1036738,1.5114123,-0.82075816,2.1540565,0.9133007,0.4530231,0.3341847,-0.7046167,-0.76767904,-0.9583146,-0.110881716,-1.101612,0.5744437,-0.7821009,-0.6283952,0.0092337895,1.2641213,-0.3381003,-1.1632342
-0.67975175,-1.5916324,-1.5057281,-0.025566686,-0.089538395,0.29864585,-0.5744321,-0.72245413,0.48556104,-1.7454828,-1.2171354,-0.69735515,-1.1654924,-0.7342119,-0.83295864,0.7394459,0.5185547,-1.1631612,-0.42587587,-2.0045004,-0.7965383,-1.4120018,-0.5241408,-2.5441732,-0.33481017,-0.9300663,0.10641108,-0.6272288,-1.4706209,-1.2018107,-2.2814243,-1.619128,1.6130375,-1.1022929,2.4054046,0.8929504,-0.5198459,-1.0878769,-1.4083233,-0.27780992,-1.7576189,-0.91856307,-1.4828622,0.08459861,-1.5724386,-1.2861551,-0.44887125,0.8563438,-0.7252299,-1.37622
-1.1278518,-1.5545614,-1.6059765,0.30416003,0.48236144,0.3396925,-0.26474878,-1.0283523,0.18841617,-2.0102534,-0.9812709,-0.66791135,-2.1225846,-0.67707235,-1.2012262,0.71002406,-0.20627399,-2.0000327,-1.7225819,-0.88700217,-0.13937193,-0.9137602,-1.0248535,-2.3781626,0.015105321,-0.90926105,-0.041072328,-0.7364229,-2.5956504,-1.7104284,-2.125638,-1.0475826,1.3317386,-0.816483,2.6697783,0.29392344,-0.2843751,-1.7950813,-0.5938271,-1.372729,-1.4097074,-0.5033307,-0.87578976,-0.050397936,-1.5917618,-0.88863665,0.0052987146,0.8078562,-0.461974,-1.37224
-0.9673511,-1.6483529,-1.0642347,0.006331055,0.38147333,-0.072399,-0.75141025,-0.2887054,-0.42864144,-1.9571775,-0.5847156,-0.33966747,-1.424051,-0.81894034,-0.95655817,-0.0039246515,-0.98548347,-2.2837014,-2.0185578,-1.3782392,-0.08691398,-0.90592957,-0.941556,-1.9518541,-0.21736997,-0.32482275,-0.10096728,-0.9017747,-1.2327516,-1.5473292,-1.9603425,-1.1345267,1.3031029,-1.2210832,1.7520648,-0.4383602,-0.6805128,-1.0192269,-0.94653773,-1.0435349,-1.5244192,-0.31259736,-1.0499065,0.21276,-1.0914085,-1.1098106,-0.5085857,0.4578247,-0.72763586,-0.92417014
-1.7303864,-1.8124454,-1.1245689,-0.7771841,0.34912127,-1.0451064,-1.2151027,-1.4070698,-1.3268697,-3.103132,-1.1800008,-0.4882988,-1.2138085,-1.3863215,-1.7240037,-0.83654857,-2.4576392,-2.7673163,-3.1050053,-1.1935407,-0.27106813,-1.035346,-2.1082077,-1.9220049,-0.50255257,-0.68007725,-0.36386445,-2.043969,-2.290808,-1.7096089,-2.07687,-1.50411,1.0937239,-1.7071254,1.1126206,-1.5051422,-1.0221776,-1.608355,-1.0615184,-2.347981,-1.5919241,-0.4467417,-1.5873634,-0.10275114,-1.6020675,-1.6917118,-0.6324172,-0.07944429,-1.1346632,-1.1118735
-2.083033,-2.943566,-1.3192098,-1.669782,-0.58744633,-1.5833359,-1.7155182,-2.5096226,-2.3199334,-3.5655973,-1.7848945,-0.9312073,-1.5321974,-1.9032944,-2.1244676,-1.8284978,-3.3187213,-3.5999014,-3.5196426,-1.7550775,-0.8838127,-1.490686,-2.6942127,-2.511715,-1.2392817,-0.8779554,-0.9845496,-2.766424,-2.8476408,-2.7423477,-2.533171,-2.1587145,0.5894431,-2.737053,-0.050711054,-2.9703376,-2.0570703,-1.738913,-1.5920978,-2.6172864,-2.055696,-0.7907685,-2.3069687,0.14808692,-2.1481915,-2.3703144,-1.2348603,-0.93649936,-2.1773155,-1.2095157
-2.326836,-2.7819986,-1.7232635,-2.1622572,-0.60430664,-1.9581351,-2.1322005,-2.5003593,-2.858191,-3.8208668,-1.5768951,-1.183473,-1.7340242,-2.2827158,-2.4671774,-2.5217576,-3.0242615,-3.011701,-3.0757933,-2.0948517,-0.9735044,-1.8675599,-2.651578,-2.7861173,-1.1126462,-1.6051607,-1.7762595,-3.1186907,-2.6401312,-3.047544,-3.16031,-2.747246,-0.030762749,-3.3275132,-0.8538898,-3.2769737,-2.7540019,-2.3455112,-1.986021,-3.2146301,-2.7799432,-0.42383853,-2.7160072,-0.407616,-2.4681754,-2.5445957,-1.399471,-2.046648,-3.0560706,-1.7475141
-1.7602745,-2.3720536,-2.538908,-2.1168892,-0.119627826,-2.1684396,-1.8437299,-2.8926978,-2.8533864,-2.9158115,-0.72999483,-1.7246883,-2.5962424,-1.9345053,-2.1456692,-2.3043942,-2.8925996,-3.0822928,-2.40905,-2.0478098,-0.74270207,-1.8044933,-2.5534582,-3.006453,-0.59066206,-2.3422794,-1.9364101,-2.2448256,-2.4083474,-2.8194985,-3.670025,-2.7717185,-0.93033284,-2.9815402,-2.0826218,-2.9508414,-2.7773063,-2.7366612,-1.7258327,-2.15227,-3.1092923,0.07737559,-2.0356483,-0.6321573,-2.5232759,-2.4385471,-1.7513032,-2.210091,-2.718328,-2.2844892
-2.0449886,-2.8207884,-3.1141603,-2.3243861,-1.2323163,-2.8793452,-2.5796754,-2.9363227,-2.87288,-2.8748965,-2.1404717,-2.6416297,-2.751679,-2.8193388,-2.6300266,-2.3637059,-2.7941115,-3.290785,-2.393558,-2.9671862,-1.5363991,-2.5034046,-2.9901495,-3.5264032,-1.1335443,-2.6715894,-2.0862134,-3.3891528,-3.0920324,-3.0081494,-3.57219,-3.1536372,-0.80832726,-3.026375,-2.2128134,-3.2136617,-2.99911,-2.680994,-2.4175162,-2.6544693,-3.6893158,-1.4374487,-2.6421869,-1.6896938,-3.203803,-3.095738,-2.3423047,-2.4124386,-2.5515375,-3.0420687
-2.096775,-3.5435555,-3.3998313,-2.376651,-2.2949345,-3.6572702,-2.9633753,-3.753218,-2.9185991,-2.8854957,-2.8138885,-3.419182,-2.8922524,-3.292906,-3.168114,-2.2754662,-2.9110518,-3.3742905,-2.4297757,-3.509485,-2.2059484,-3.124474,-2.612214,-3.6493645,-1.9296682,-2.6633065,-2.2338548,-3.626581,-3.6927745,-3.3691711,-3.7415607,-3.8018897,-0.90139663,-2.9559646,-2.1087818,-3.7596524,-3.3747861,-3.3484297,-3.1044793,-3.2263823,-3.7163959,-2.714835,-3.0797703,-2.589773,-3.1856902,-3.6941,-2.7652407,-2.529041,-2.15719,-3.8570547
-1.3185183,-3.7493873,-3.1930633,-2.495621,-2.6758058,-4.0027905,-3.5459275,-3.7239046,-2.952445,-3.12875,-3.3228087,-3.6003053,-2.5372498,-3.7135296,-3.3417506,-2.1008062,-2.9393756,-3.4370956,-2.522874,-3.8666308,-2.646519,-3.3726144,-2.366242,-3.4547448,-2.657906,-2.631166,-1.9226621,-3.7574162,-4.073063,-3.3288922,-3.5037518,-3.6103914,-0.846276,-2.8374536,-2.0531454,-3.4041755,-3.193736,-3.04939,-3.418094,-3.2726471,-3.5412304,-3.6419442,-3.137505,-2.9096088,-2.9777415,-3.5739665,-3.1533327,-2.429408,-2.3307757,-3.8801956
-1.4033184,-3.9011936,-2.9249597,-2.9089715,-3.1227314,-3.9425514,-3.8184998,-3.461917,-3.2369206,-2.7021186,-3.770742,-3.8661933,-2.7299075,-3.8020008,-3.3934062,-2.4543626,-3.058411,-3.346184,-2.1223109,-3.759626,-3.009484,-3.6740727,-2.1462493,-3.1664834,-3.0761914,-2.367833,-2.2469306,-3.4286115,-3.6876976,-3.4710975,-3.2863464,-3.613851,-0.6743891,-3.062488,-2.041881,-3.722871,-3.4136617,-2.6849802,-3.4536128,-3.57864,-3.2486522,-4.0875278,-3.226321,-2.559599,-2.742428,-3.3400452,-3.3111382,-2.6213121,-2.5323875,-3.634991
-1.2415045,-2.9758413,-2.5575523,-2.4976416,-2.7388859,-3.3032324,-3.1521914,-4.1538906,-2.641162,-2.186723,-3.1144702,-3.5606713,-2.4329972,-3.2252924,-3.0309887,-2.4292552,-2.639607,-2.48164,-1.6746044,-3.1750467,-2.5230286,-3.3675804,-1.7147541,-2.4321907,-2.3939147,-2.173307,-1.948998,-2.7730567,-2.5961547,-2.807251,-2.6739058,-3.0389595,-0.41240108,-2.8725247,-2.5402715,-3.3541288,-3.0316477,-2.6012745,-2.7875204,-3.4936235,-2.581767,-3.1823232,-2.4615736,-2.7819777,-2.3261988,-2.8217247,-2.6825912,-2.3909526,-1.8449699,-2.8320017
-1.173276,-1.5516968,-2.4050357,-2.1126325,-1.236586,-2.3837314,-2.0097823,-2.0889232,-1.9123768,-1.8777821,-1.0774518,-2.7789268,-2.2488806,-2.401945,-2.3371882,-1.8173735,-2.1404514,-2.2517426,-1.3616977,-1.8384657,-1.666717,-2.4509,-1.5111148,-1.9634527,-1.2894518,-2.0105174,-1.2019719,-2.5642145,-1.9612538,-2.4708967,-1.9058146,-1.8438612,-0.5839515,-1.7936159,-1.8082341,-2.399374,-1.9007592,-1.9408087,-1.5253361,-1.6193011,-1.8420733,-1.8093507,-0.9014645,-2.213897,-1.875305,-2.2329519,-1.9736284,-1.8247856,-0.7559545,-2.6399581
-1.0360235,-1.8564553,-2.1000402,-1.5865624,-1.4480513,-2.1937962,-1.6140392,-2.476904,-1.6645621,-1.4969485,-1.4218189,-2.5782905,-1.9418384,-2.0429287,-1.9092991,-1.6552672,-1.7590684,-1.5526901,-0.5106757,-1.4304734,-1.7780365,-2.0587354,-1.3434529,-1.5638288,-1.4498909,-1.5817727,-1.1946696,-1.9467138,-1.6822994,-1.7200884,-1.2424595,-1.350384,0.020716788,-1.3097757,-1.2429318,-2.0344505,-1.7537464,-1.5016218,-1.3798957,-1.5679995,-1.3930146,-1.723429,-0.57857215,-2.2208896,-1.4907542,-1.8611276,-2.25759,-1.5053614,-0.79093826,-1.9967746
-0.89910406,-2.0720906,-1.8703587,-1.7400433,-1.7015762,-2.353864,-1.6790916,-2.4213011,-1.7433928,-1.1866446,-1.9661027,-2.5703888,-2.0566416,-2.1066787,-1.6446328,-1.7566065,-1.9011759,-0.996503,-0.49172243,-1.6415641,-1.9667919,-1.8889163,-0.9213753,-0.9651292,-1.6297321,-1.3270748,-1.1086892,-1.506478,-2.4165509,-1.2133683,-0.9178187,-1.2318213,0.21723787,-1.14513,-0.940253,-2.3335998,-1.6969783,-1.7989761,-1.4427625,-1.6075491,-0.8301727,-1.8534399,-0.46724066,-2.3709235,-1.1192026,-1.1964535,-2.3442397,-1.4383696,-0.83801675,-1.9586616
-0.7563401,-2.1894786,-1.755414,-1.8609799,-1.6132604,-2.3776796,-1.9843498,-1.8205539,-1.6601249,-1.0554832,-2.1090834,-2.4652529,-2.0774503,-1.8009684,-1.6319783,-1.6497831,-1.8318439,-1.3542902,-0.46526286,-1.8266933,-2.0967705,-1.5849881,-1.1195866,-0.7638577,-1.983886,-1.2519672,-0.7988146,-1.3853189,-2.4350424,-0.82845503,-0.73008186,-1.0345949,0.066151924,-0.9639746,-1.0606048,-1.5882518,-1.4501617,-1.5097305,-1.6020887,-1.6233743,-0.57449996,-1.8652809,-0.5039952,-2.0504413,-0.8645075,-1.185584,-2.6340196,-1.0679624,-1.0539341,-2.0691345
-0.18681937,-2.783378,-1.4728787,-1.807314,-2.2830558,-2.327779,-2.2487109,-2.6473076,-1.56633,-0.8268508,-2.948165,-2.46713,-1.7787607,-2.0652654,-1.3383516,-1.7926301,-1.5748336,-0.65141255,-0.09816517,-2.022877,-2.5625522,-1.9299437,-0.6513022,-0.57020676,-2.369849,-1.0047957,-0.8955244,-0.88013357,-2.6082249,-0.66783553,-0.5149044,-1.012703,0.13145067,-1.2801077,-1.0221474,-2.1386893,-1.8308065,-1.0333714,-2.0114217,-1.5427065,-0.5889443,-2.3815906,-0.857279,-1.7451291,-0.44269606,-1.3562092,-2.3885255,-1.2003611,-1.1509846,-1.7307414
-0.40809518,-1.9862779,-1.2563256,-1.4571394,-1.7822648,-1.7812563,-1.5195855,-2.2554693,-1.2417963,-0.59696126,-2.176099,-2.011904,-1.8408725,-1.4266483,-1.046592,-1.5846496,-1.5731118,-0.74669224,-0.13421606,-1.4148965,-1.9749553,-1.6754692,-0.65849304,-0.075119995,-1.7750366,-0.92646617,-0.82696944,-0.88973165,-1.7848438,-0.91425246,-0.26169056,-0.7403292,0.15806766,-1.1059128,-1.2970135,-1.8336862,-1.5388154,-1.0310482,-1.492167,-1.3862698,-0.0984466,-1.4824764,-0.25372183,-2.0543187,-0.31235242,-1.0878582,-1.9567713,-1.0189632,-0.70078033,-1.2274445
-0.34228948,-0.82084495,-1.1670144,-1.3125219,-0.63262606,-0.8147969,-0.6104025,-0.8085609,-0.91818076,-0.669714,-0.44959137,-1.5495272,-1.4831693,-0.8652738,-0.56128037,-1.178617,-1.2019736,-0.8570832,-0.24829033,-0.28110337,-1.3021406,-0.8542966,-0.75795823,-0.0914201,-1.036401,-0.8849339,-0.4193042,-0.63851756,-0.93036336,-0.41203892,-0.055152804,-0.1845506,0.33112013,-0.35818613,-0.95406157,-1.2341065,-0.6005184,-0.6627435,-0.75067675,-0.6665071,0.21018887,-0.43905404,0.6627159,-1.3347127,-0.34928116,-0.41309702,-1.5150948,-0.6742845,0.06691129,-0.82686913
0.053709876,-1.0084703,-0.79701906,-1.1026542,-1.0407766,-0.78431314,-0.6663996,-0.83930314,-0.8843962,-0.488163,-0.9428739,-1.443837,-1.3923148,-0.40495756,-0.49775875,-1.1535876,-1.2610894,-0.7123731,0.022706429,-0.2445178,-1.3281788,-0.79558855,-0.69175637,0.14810883,-1.189434,-0.6421973,-0.45829388,-0.37302348,-0.9226977,-0.14194632,0.17548372,0.21452446,0.60428375,-0.26941836,-0.35508612,-1.3264366,-0.5866035,-0.2524835,-0.66437775,-0.5630233,0.22453548,-0.4015743,0.5096018,-1.4928908,-0.23749948,-0.29625016,-1.6042378,-0.71986485,0.13700883,-0.5331845
0.12182746,-1.5083872,-0.77712804,-1.1751785,-1.1906216,-1.1806865,-0.7502698,-1.1539406,-0.9711221,-0.43486217,-1.2189441,-1.4673635,-1.5164757,-0.37745932,-0.5734785,-1.3831668,-1.2374144,-1.0095525,0.13671814,-0.6670103,-1.436254,-0.6651261,-0.18086058,0.24579324,-1.3342252,-0.5570197,-0.60983706,-0.4223403,-0.9583361,-0.33607402,0.22783813,-0.20241581,0.5492953,-0.30252364,-0.7339186,-1.8386859,-0.8340331,-0.41700202,-0.849147,-1.1365051,0.36789164,-0.514353,0.3019121,-1.7520471,-0.07713658,-0.23020813,-1.7366927,-0.6932254,-0.19614956,-0.67202896
0.56648755,-1.9094411,-0.6714394,-1.4034197,-1.387544,-1.6216367,-1.3048348,-1.0779066,-0.9639,-0.4681421,-1.8800203,-1.5613977,-0.9950668,-0.8032443,-0.5317808,-1.2488968,-1.3663213,-0.57645303,0.538428,-0.9932175,-1.8984311,-0.6595618,0.070075646,0.3851062,-1.7442687,-0.58112514,-0.34160155,-0.52570796,-1.4985937,0.07822896,0.62656844,-0.2723454,0.4298253,-0.15517174,-0.41097265,-1.1830047,-0.66577625,-0.34527713,-1.2389215,-0.9752521,0.50868154,-1.1896871,-0.23959404,-1.6449628,0.34346467,-0.3787102,-1.8815762,-0.59587586,-0.40793777,-0.95944035
0.6757198,-1.9194568,-0.71622723,-1.4000522,-1.4388001,-1.5570828,-1.2663782,-1.4724833,-0.7835934,-0.31779358,-1.8660595,-1.7274057,-1.40946,-0.91794604,-0.5790797,-1.2160442,-1.373639,-0.79601413,0.45904934,-1.1804762,-1.8676858,-0.94793034,0.15307157,0.24459204,-1.811788,-0.38986033,-0.46620256,-0.58090323,-1.4976187,-0.012657221,0.30274272,-0.46120635,0.37687972,-0.39262336,-0.64491326,-1.2544066,-0.89331806,-0.39130953,-1.3992002,-0.90614367,0.28432932,-1.2546626,-0.41940638,-1.2291613,0.25299707,-0.53818136,-2.0403948,-0.5894624,-0.7429169,-0.8591828
1.0981117,-1.724638,-0.34209502,-1.1589872,-1.6057608,-1.2963736,-1.1812763,-2.10283,-0.7697001,0.016236372,-1.9442664,-1.4823087,-1.1894202,-0.74562174,-0.43207967,-1.0271411,-0.9555812,-0.530251,0.20448297,-0.83967304,-1.7230341,-1.1665493,0.7164835,0.69540244,-1.7509121,-0.2502369,-0.34438276,-0.27275115,-1.4814134,0.0035362595,0.41978619,-0.32897532,0.661339,-0.68357843,-0.889879,-1.2462916,-0.92382133,-0.26223204,-1.2827166,-1.079479,0.22517094,-1.1075592,-0.43484685,-1.4946638,0.52516115,-0.2765172,-1.6133547,-0.6115601,-0.7387878,-0.8310197
2.4648283,-0.3980407,-0.6714205,-0.6305461,-0.48234317,-0.7138194,-0.3475013,-0.11770628,-0.40538394,0.05873941,-0.22789495,-1.1494168,-1.4044356,-0.10302028,0.31217277,-0.1528015,-0.90160215,-0.50754344,-0.5372187,-0.10686139,-1.050389,-0.369232,1.3045762,2.0697522,-0.76534116,-1.2291532,0.5782552,0.67990106,0.00023534776,-0.13754755,0.6291767,0.27943477,1.2653464,0.35094634,-0.23834413,-0.5334287,0.643189,0.48533314,-0.5650608,-0.18728913,1.1754568,0.19129242,0.9635379,-1.6371998,1.729171,-0.47361895,-1.3557696,-0.048974216,0.5817836,-1.0146104
0.9719564,-0.18966243,-0.29511598,-0.18634854,-0.35603693,-0.014961712,0.06954588,-0.25260532,-0.024144934,0.33675584,0.23292537,-0.9448119,-0.75321364,0.1630274,0.3359467,-0.06534155,-0.403078,-0.25561655,0.15825693,0.48408258,-0.7309976,-0.3500549,1.1157129,1.2102379,-0.46144557,0.06319839,0.01654229,0.28336364,0.16655898,0.29683018,0.5556034,0.47436422,1.2148042,0.3017395,0.028715244,0.05765914,0.2831362,0.12825751,-0.30643886,0.4560167,0.88753474,0.36804822,1.0405399,-1.4343569,0.8079042,-0.13014919,-1.1354444,0.099832535,0.724222,-0.14424582
1.6411659,-0.6114057,0.3813481,-0.104772225,-0.86890745,-0.45403475,-0.26401886,-0.6034619,0.2108474,0.2506647,-0.97132313,-0.9151714,-0.6508243,0.16314815,0.6219806,-0.20610918,0.08330737,0.412942,0.97168505,-0.17321308,-0.8149643,-0.53799057,1.0433639,1.1715155,-0.47732815,-0.25634152,0.3855342,0.4190369,-0.7594,0.5446702,0.83957237,-0.15803634,1.0359116,-0.0016756742,0.2956333,-0.4388878,0.04450941,0.3455049,-0.6017437,-0.30522212,1.0309275,-0.34171057,0.16439414,-1.3749946,0.8631412,0.3598736,-0.82824886,0.446283,-0.03082211,-0.035573434
1.279512,-0.28941664,0.3895841,0.031008698,-0.62822855,-0.412876,-0.21486461,0.43779686,0.4673529,0.37270877,-1.1136632,-0.5499574,-0.43007284,0.18663183,0.47680616,0.11451665,0.31245288,0.26758078,0.71061325,-0.016055528,-0.8552514,-0.34232593,0.7577727,1.0238587,-0.26192334,-0.16534628,0.7600885,0.010794558,-0.027771035,0.74660355,1.0627375,-0.28938827,0.6063746,-0.25536847,-0.39283672,-0.009119943,0.17130841,0.70547324,-0.42857412,0.48334634,1.1194146,-0.26830858,0.06407566,-0.92031956,0.74173695,0.15393683,-0.76348245,0.81708956,-0.2832513,-0.06927059
0.97977984,0.10548355,0.057462897,0.47162318,-0.5774652,0.10711353,0.17209697,-1.3871862,0.62045443,0.8013913,-0.17374729,0.015660457,-0.72419876,0.2737448,0.68546075,0.43082798,0.9918829,0.91193956,1.109133,-0.010193227,-0.47947934,-0.1236633,1.0830526,0.86438364,0.5604367,-0.14866295,0.66021526,0.13114737,0.29263812,0.5357002,0.75260484,-0.012931019,0.31963217,-0.2963795,-0.52283275,0.72967076,-0.0021257058,0.3498781,-0.2284374,1.0695984,0.7766723,0.2186684,0.5798403,-0.7244196,0.5885568,-0.1023495,-0.52279353,0.8308398,-0.04535532,0.15063274
0.9780783,1.367891,-0.13050991,1.0713222,0.5227969,0.83393335,1.3878155,0.21224277,1.4016609,1.254885,1.200518,0.65723866,-0.8777304,1.0849578,1.1741747,1.1230481,1.3368495,1.4625108,0.88054657,0.93471414,0.66456646,0.77832913,1.0833542,1.2834076,1.7120196,-0.26484624,1.4512794,0.4684578,0.36297348,0.78013337,1.2858754,0.8729005,0.17930116,0.87907374,-0.50628424,1.2207407,1.0422218,0.9262055,0.8972179,1.7874622,1.4488368,1.2695587,1.791738,-0.77347535,0.74193215,-0.03455754,0.283728,1.5180634,0.86168605,0.14316554
1.2724838,1.3720925,-0.38780844,1.1576401,-0.5020683,0.63385546,1.1168398,-0.03836229,1.4361492,0.7171395,0.11592573,0.64760286,-1.6687304,1.4891608,0.47402632,1.1797867,0.6347488,0.7653575,-0.72671,0.7490586,0.33347064,0.4968615,0.39769843,1.3630352,1.2335768,-1.9513105,1.9555358,1.0516499,-0.1194558,0.42260456,1.6672176,0.8453937,-2.0564897,0.95105255,-0.46463028,1.0586922,1.4479187,0.94741094,0.2557432,1.4371861,1.858644,0.51499194,0.6272741,-0.72245604,1.4199417,-0.93299663,-0.1096756,1.5811373,0.75273573,-0.64170533
-5.60595,-1.1802657,-1.8820516,-1.4328659,-8.533957,-0.96393776,-2.4629824,1.139272,-1.7237158,-1.9438391,-3.0363762,-0.09621528,2.7947617,-1.2303876,-5.4119906,-2.7501671,-2.8243582,-3.9721758,-7.4244394,-2.847978,-3.0153785,-0.35803083,-5.3752728,-4.524714,-4.3094897,0.8842165,-3.5703795,-2.3175263,0.15068981,-5.4723616,-0.54690933,-2.7746677,-5.519991,0.6823969,-3.045838,-0.9927422,-1.3211066,-2.7863379,-6.6944942,-1.4023705,-3.1625237,-3.9080763,-2.0139782,-1.5263209,-0.075282335,-4.5505266,0.34042943,-3.2701926,-2.0512633,0.009987853
-2.2685208,0.09209386,3.081632,-0.9607578,1.4086376,0.574569,1.3410335,1.2610264,-1.1809291,1.8578538,0.48446518,1.9779015,4.6210012,-0.22867908,0.35752165,-2.5266438,-0.5031157,-0.14663632,0.17854469,1.5506147,4.21589,2.5579648,-1.2636813,-0.8146696,1.4731355,6.046905,-3.7525556,1.9190642,-0.08280879,-0.29995674,-1.0436649,-0.29420903,-3.0349495,1.5004481,-1.215902,-0.16488755,-0.5454848,1.2826207,3.1726592,-0.39502734,-2.4377265,-0.40281233,1.7860425,4.7766857,0.8152626,1.9309541,3.7082303,-3.5923493,-1.7624849,3.022529
-3.5055127,0.7750314,0.76598305,-0.27487555,1.4286729,1.3597226,1.5906595,1.1564885,-0.3178624,0.64704657,1.4883635,1.3905807,3.4694092,0.16556293,-0.3504683,-1.3645831,-0.3559001,-0.22159584,-2.5635538,2.0053859,3.5005617,2.1518605,-2.2110827,-2.0167446,1.9453307,4.145592,-3.1587467,1.3968678,0.78374165,-1.5912305,-2.1915767,0.99166167,-4.679555,1.3606368,-1.5249958,0.7908975,-0.36322182,-0.32131568,2.891473,0.11699723,-2.4843102,0.97968477,1.8305618,4.0605345,-2.2264795,0.3887261,3.2789564,-2.9867036,-0.31999072,2.488719
0.31576747,2.217128,0.9007999,1.7954063,2.5579844,2.6780906,2.4854498,1.0398301,1.44178,2.6447423,2.5686226,2.8510077,2.8157587,1.5763643,2.0425658,0.890506,2.1059575,1.6024189,1.2051505,1.6013416,4.391096,2.6371286,1.030722,-0.33562467,3.2574844,2.1660807,-0.3081479,2.996413,0.81941366,0.55672365,-0.08479404,1.9209368,-1.0452125,2.2741907,2.8243253,1.4278363,0.56151235,1.8567387,3.9220026,1.1541469,-0.5682798,2.0565534,3.5994728,3.017066,1.0695283,2.0533068,4.5689077,-0.65988547,1.7603716,2.5455947
0.0961932,0.6650705,0.3181427,1.1365186,1.161992,0.6938424,0.7038298,0.41774654,1.1309254,1.3905851,0.56029826,2.0488563,2.0612054,0.07980827,0.6587825,0.5604714,0.8713842,0.78904176,0.48423702,-0.4590302,2.8021965,1.6230518,-0.09109138,-0.9828501,1.709629,0.8923429,-0.28469872,1.6905317,0.010960481,0.38903168,0.32241297,0.90749663,-2.456766,0.9580346,0.100041255,0.50880736,-0.19020502,0.23396574,2.0942283,0.1935367,-0.73338807,-0.45682546,1.371464,2.4738486,0.70592076,0.44348603,2.9232671,-0.58765316,0.3222341,1.0534626
-0.7038139,0.81116873,0.0019645435,1.0004683,1.2314221,0.56616354,0.6292659,0.7583399,0.74093425,1.1424345,1.0178969,2.0058258,1.8599018,-0.22677743,0.23392214,0.51298577,0.40735382,0.51193845,-0.124603875,-0.3735124,2.6280081,1.6524712,-0.61639196,-1.7637182,1.6972809,0.83699703,-0.72517174,0.51007533,0.53477734,-0.26989853,-0.23813514,0.9100205,-2.776326,0.80129457,-0.8640233,0.47466412,-0.38094473,-0.1426526,1.7948169,0.4344117,-1.3653967,-0.17749462,0.9745731,2.9256074,0.0046063345,-0.16787936,2.7331889,-0.78367484,0.2338969,0.9131778
-0.85617685,1.5748476,-0.31028453,1.526781,1.8884445,1.4572539,1.546204,0.011953985,0.8719718,1.3635774,1.98662,2.216366,1.7881601,0.20172416,0.46776128,0.814768,0.8246655,0.27045652,-0.12917018,0.7401575,3.3036642,2.0853653,-0.5042385,-1.7082436,2.462886,0.76095027,-0.69384027,0.30172738,0.46121436,-0.0657658,-0.3653398,1.0702686,-2.2261295,1.4503069,-0.99882513,0.86189735,0.1293029,-0.49972823,2.5340846,0.6290493,-1.5226351,1.0770482,1.8691183,2.7245457,-0.5992529,0.1311593,3.165138,-0.5169182,0.8099582,1.2740861
0.03467838,1.1073332,0.20637152,1.4174827,1.791735,1.4329342,1.3202541,0.85659117,0.87399155,1.5695689,1.6844369,1.6545559,2.1053555,0.67674035,0.5427342,0.710154,0.8728478,-0.06389057,-0.016430363,1.1823905,2.9262383,1.7290053,-0.25866055,-1.17973,2.078756,0.80497396,-0.51411587,0.74274355,0.020508876,0.114109054,-0.04966469,0.6514001,-1.9410934,1.5172263,-0.23479958,1.0634406,0.36551708,0.23551458,2.1123474,0.31647873,-1.1516639,0.382485,1.2211531,2.3062422,-0.23978312,0.83212674,3.006618,-0.39623573,0.20499304,1.3334068
0.120662265,0.9973723,0.39226645,0.71373886,1.6056331,0.94482934,1.1593792,0.41153142,0.393235,1.218019,1.0845735,1.034198,2.2272975,0.65422255,0.43992132,0.1358813,0.58952236,-0.27124327,-0.12160137,1.2217276,2.3661847,1.497093,-0.21959819,-1.1749898,1.4138434,0.9241574,-1.089603,0.6000213,0.73633593,-0.12566659,-0.29355964,0.31581745,-1.8270189,1.1746799,-0.38781345,0.5530504,0.14533046,0.48649478,1.6712846,-0.59156394,-1.202537,0.16016248,0.6535941,2.7194421,-0.27165663,0.5799805,2.5364609,-0.7330411,-0.004909429,1.598663
0.1597055,0.27356547,0.5495055,-0.27517188,0.85629874,0.26135367,0.6096498,-0.10706199,-0.23707326,0.99604255,0.13195902,0.67118293,2.1267712,0.11307178,0.3002236,-0.8658405,-0.06212899,-0.67515105,-0.35373238,0.9736446,1.4776436,0.95940757,-0.056181137,-1.0154632,0.27607542,0.90834796,-1.6922563,0.5601985,-0.2757267,-0.49677977,0.017143557,-0.24455506,-1.7297317,0.37887424,-0.8140407,-0.12828216,-0.44710243,0.12607092,1.07007,-0.93702364,-1.5070175,-0.4625363,0.022137253,2.5702617,-0.26783103,0.2981139,1.7870824,-1.1480305,-0.8924431,1.664162
-0.3384795,0.9283868,0.060938627,-0.8302303,1.0205588,0.08895775,0.8101673,0.65875506,-0.8229475,0.48350513,0.8659669,0.49932903,2.1699586,-0.062150236,0.0028628286,-1.3275199,-0.41556117,-0.96891207,-0.6428693,1.5211118,1.4561855,0.68815315,-0.7532958,-1.243613,0.14389652,0.77323776,-2.1975937,0.21693158,1.0595356,-1.0165452,-0.29119593,-0.23139718,-1.5524614,0.0859535,-0.37068868,-0.5157918,-0.523667,-0.17424434,1.4364334,-0.8044213,-1.6642315,0.12014682,0.25160822,2.2184868,-0.72633696,0.046266414,1.743381,-1.6465319,-1.0179099,1.5646436
-0.43017837,0.7766441,-0.07962068,-1.282968,0.8502042,-0.35423395,0.49380082,0.5172123,-1.1253865,0.08185672,0.66610664,-0.14096199,1.85247,-0.5692225,-0.0763421,-1.682246,-0.9892428,-1.4103403,-0.56294847,1.2289538,0.97685456,0.6199727,-0.926664,-1.238679,-0.5409025,0.6695898,-2.2982578,-0.019690312,0.9444842,-0.7394232,-0.34012708,-0.52095556,-1.3873159,-0.08663021,-0.65659076,-0.5124001,-0.57691395,-0.15053345,1.2680265,-0.57747257,-1.6028857,0.14418817,-0.10857266,2.1734412,-1.1290009,-0.26618838,1.1103535,-2.1107202,-0.90398514,1.3100007
-0.43210188,0.37051865,0.013374007,-1.4081074,-0.081819884,-0.7922983,-0.10074915,0.35914344,-1.3710283,-0.10095133,0.18763275,-0.31101024,1.8061217,-0.4647232,-0.34992892,-2.011033,-0.7987808,-1.317041,-0.3071936,0.879106,0.39600036,-0.011346457,-0.90309674,-0.96045357,-1.3031346,0.6200485,-2.6719816,-0.03019875,0.51645386,-0.9183493,-0.46993992,-0.5292927,-1.5720847,-0.46535408,-0.45342034,-0.9607344,-0.97069114,-0.13267626,1.0083674,-0.95915157,-1.8474991,-0.6647911,-0.591543,1.6550705,-0.8998357,0.07143409,0.86833984,-2.3375738,-1.3279517,1.2053652
-0.096766554,-0.008233276,0.20276356,-1.6215852,-0.895238,-1.2671225,-0.7645485,-0.3223528,-1.801108,-0.51280206,-0.9266711,-0.7855257,1.3756093,-0.74094313,-0.571321,-2.2503068,-1.3510258,-1.0943058,-0.5421186,0.16912143,-0.21121009,-0.6950104,-0.9975283,-0.9089183,-1.9123337,0.65606314,-2.9274578,-0.13106933,0.21887343,-0.6242145,-0.76752055,-0.98400515,-1.3423854,-1.2133923,-0.7189684,-1.4697428,-1.5482832,-0.74298704,0.39028248,-1.8818085,-1.8967346,-0.94218504,-1.3200033,1.2496004,-0.7768895,0.27537906,0.6031184,-2.5955462,-1.7569252,1.0410868
-0.872545,0.1969196,-0.34336063,-1.5813628,-0.36594507,-1.0072819,-0.8025261,0.38500404,-1.5243134,-0.5857665,-0.0064811395,-0.56590384,1.5226303,-0.71733874,-0.83930665,-1.9495121,-1.04018,-1.218343,-0.9031279,0.062092546,-0.0057249996,-0.38878685,-1.5849715,-1.3552339,-1.3257192,0.2820122,-2.3727574,-0.68601364,0.1890515,-0.67934996,-1.242215,-0.94949406,-1.8121302,-1.3784139,-0.82581604,-0.769894,-1.351036,-0.48478648,0.30916944,-1.4774787,-1.9930549,-0.8035879,-1.051019,1.1907434,-1.2976981,0.038370393,0.593469,-2.4457288,-1.4999768,0.921839
-1.3224577,0.73299503,-0.83761334,-1.2452242,0.50133836,-0.26939487,-0.0067059654,-0.11061008,-1.300246,-0.77730805,1.1527761,-0.55208474,0.93389696,-0.5541906,-0.8790543,-1.2841408,-1.1255535,-1.1817179,-0.81117624,0.9554356,0.87980527,-0.1096582,-1.7865231,-1.5976303,0.071992256,0.038636453,-2.1679888,-0.62098616,0.005883694,-0.9219071,-1.9444216,-0.38251427,-1.9167235,-0.72246265,-1.1957437,-0.8006958,-0.86706626,-1.1587363,0.94031453,-1.1010565,-2.048205,0.4344814,-0.14750752,1.162301,-2.0619202,0.18939067,1.0442754,-1.9007486,-0.37805852,0.48965117
-0.47432625,0.30004776,-0.2827998,-1.1377848,-0.12189046,-0.5188968,-0.45894805,-0.44451204,-1.3275124,-0.6493755,-0.31032223,-0.758978,1.4333249,-0.43707404,-0.6750467,-1.356032,-0.83755046,-0.8999211,-0.21430366,0.40782478,0.43722036,-0.7192433,-1.0328794,-1.1561711,-0.48451418,0.1299578,-2.3311446,-0.02728552,-0.17442632,-0.17153014,-1.6458086,-1.0580466,-1.5232368,-1.1301457,-1.078969,-0.969779,-1.380848,-0.41734368,0.23044829,-0.9497389,-1.7804097,-0.7212803,-0.83333963,1.0079836,-1.5264534,0.85251415,0.80088514,-1.8004918,-0.49877846,0.9835097
-0.27774146,0.37514457,-0.005062477,-1.3523402,-0.1765587,-0.6682338,-0.72054917,0.30168334,-1.3892977,-0.6969334,-0.22359931,-0.5149895,1.6339796,-0.15907322,-0.74620247,-1.2966944,-0.84601605,-0.7566217,-0.2824021,0.49348617,0.20296185,-0.8497203,-1.3983582,-0.9182825,-0.77029806,-0.0012000519,-2.085317,0.10495431,-0.10630995,0.07926396,-1.147613,-0.9109279,-1.7570456,-1.0669534,-1.0719125,-0.9159889,-1.3517663,-0.24070774,0.1369947,-0.9768759,-1.5031071,-0.849554,-1.0637006,0.74002033,-1.3883414,0.89317507,0.6104171,-1.4751408,-0.81239665,1.2515329
-0.06856147,-0.089271635,0.31859607,-1.5429184,-0.6277541,-0.7864425,-1.0241879,0.059603237,-1.3945918,-0.60029584,-0.84539306,-0.86527604,1.3096455,-0.04754086,-0.79553443,-1.4656104,-1.1195846,-0.8706481,0.033110935,0.33589792,-0.35590416,-1.0195394,-1.253475,-0.84407955,-1.4355042,0.19872598,-2.4653678,0.28614682,-0.0181554,-0.24514472,-1.4141668,-1.1352073,-1.8156872,-1.3669313,-1.1211122,-1.2144346,-1.5890629,-0.052045535,-0.23231101,-1.0897723,-1.2238613,-1.2884483,-1.470759,1.0657138,-0.97937304,1.254571,0.128325,-1.7020444,-1.3211241,1.1662476
-0.26055947,-0.26100335,0.2791163,-1.438254,-0.9424249,-0.48025978,-0.82444596,-0.42315203,-1.3687638,-0.5298853,-0.7794135,-0.60709304,1.539608,0.20736869,-0.6821,-1.7659372,-0.8211645,-0.42037556,-0.1323812,0.45924556,-0.45626128,-1.0241158,-0.9813606,-0.78064865,-1.597659,0.35932425,-2.618809,0.26614437,0.086170904,-0.254201,-1.2426226,-1.0524886,-1.6403395,-1.5565081,-1.2059968,-1.1409224,-1.7726952,0.003917651,-0.25326663,-1.0651674,-1.3899595,-0.8177052,-1.3974725,1.1819365,-1.1156503,1.1602029,0.29592282,-2.029741,-1.3382257,1.6721599
-0.5299041,0.87707734,-0.19516984,-1.2109017,0.7767232,0.56344575,0.6439095,0.8742602,-0.9305439,-0.31530583,1.2937598,0.17955895,1.65102,0.6094587,-0.35577905,-1.3224776,-0.75719887,-1.0833997,-0.1894913,2.0052183,0.7805507,-0.28084296,-1.5388575,-0.8679097,-0.1840796,0.080873065,-2.0185678,0.4163838,0.8582124,0.007740958,-0.966777,-0.08288896,-1.6538823,-0.35181642,-0.91759396,-0.39396644,-0.7168193,-0.1617853,1.1701066,-0.36937657,-0.9492105,0.75424725,0.064965606,1.2641324,-1.581378,1.1816003,1.2995358,-1.7305679,-0.4125871,1.5923328
-0.13603173,0.4357695,0.24141216,-1.3137343,0.25956464,0.21789744,0.11297499,0.40629262,-1.0666307,-0.10052789,0.39146838,-0.41301775,1.288816,0.67396337,-0.42913386,-1.5138758,-1.0542701,-0.9158462,0.5251461,1.6444355,0.56249183,-0.49370888,-1.1136948,-0.575554,-0.3307772,0.16036345,-2.0286381,0.53996193,0.30652365,0.21426713,-0.657704,-0.60055506,-1.4679239,-0.45568672,-0.7897616,-0.79335964,-0.99972075,-0.14597805,0.6855027,-0.4731631,-0.74217445,-0.12348145,-0.5636434,1.2987888,-0.97777253,1.4904414,1.0704572,-1.6618668,-0.9225174,1.8181304
0.23255783,-0.09455536,0.42249018,-1.2175292,0.13488238,0.268022,0.09461342,0.37421688,-1.0717719,0.079382226,0.0829925,-0.029211402,1.5786504,0.9706183,-0.36760378,-1.6933701,-0.9996024,-0.7955529,0.6613013,1.576696,0.7522014,-0.24402872,-0.7838452,-0.25475702,-0.105341285,-0.00306535,-2.1463587,0.73429,0.012338947,0.6384242,-0.59181947,-0.8580128,-1.6181806,-0.54175836,-1.2127923,-0.9505091,-1.114261,0.27664992,0.6525452,-0.5989399,-0.73083407,-0.17665596,-0.8110244,1.3183249,-0.8935118,1.8183184,1.1721458,-1.4164591,-1.2418253,1.8064747
0.33944124,-0.26719952,0.3146481,-1.497739,-0.054868955,0.25221974,-0.04883494,-0.034552258,-1.1832854,-0.2379482,-0.015355025,0.047499813,1.551394,0.8492759,-0.5211178,-2.025458,-1.0599235,-0.59791267,0.27727282,1.4606702,0.78292555,-0.40250137,-1.2189822,-0.4518695,-0.041429643,-0.08422538,-2.0629487,0.5606927,-0.34508705,0.32408524,-0.6114354,-1.2260648,-1.6540505,-0.62770116,-1.0769032,-1.0816051,-1.2677423,0.28061312,0.58957255,-1.0251775,-0.6516466,-0.29949844,-0.99628764,1.0000714,-1.0097827,1.3194464,1.0696911,-1.853671,-1.6655968,1.6229408
0.5768263,-0.023914697,0.5989969,-1.3689896,-0.3424976,0.25975662,-0.18122073,0.08139188,-1.0751994,-0.15738827,-0.28908896,-0.37054145,1.4387678,0.8138391,-0.26972824,-2.013944,-0.85356337,-0.5268056,0.64380753,1.2362757,0.36949572,-0.52599037,-0.62571687,-0.3753804,-0.34338942,0.08958648,-2.0041873,0.50867075,-0.4983657,0.3605691,-0.6587636,-1.5207275,-1.7202145,-0.78214246,-1.313649,-0.8461699,-1.3353605,0.43581587,0.2332847,-0.91371226,-0.653113,-0.5905305,-1.2872089,1.2283244,-0.81411105,1.0491321,0.8345086,-1.8509384,-1.8475384,1.724146
0.37739325,-0.24750757,0.6382877,-1.3197151,-0.60257316,0.36056605,-0.025660582,-0.5559794,-1.1386372,0.05257303,-0.5969431,-0.14736205,1.3907657,0.8144428,-0.398597,-1.9661465,-0.7275262,-0.4327196,0.015804842,1.4401882,0.15298471,-0.55189395,-0.6094563,-0.37685284,-0.6192008,0.18865599,-2.2029715,0.656101,-0.24267717,0.26750508,-0.659633,-0.9730308,-1.8809017,-0.90296286,-1.4042743,-0.9702563,-1.5687187,0.103043325,0.30605784,-0.8160632,-0.8720272,-0.49364626,-1.0730895,1.163933,-0.65757376,0.96297306,0.7802228,-1.8607333,-1.6575012,1.597052
0.8522559,-0.07066188,1.0215815,-0.8763796,-0.9067701,0.48516294,-0.13455269,-0.22895929,-0.7823081,-0.1026054,-0.844338,-0.6801394,1.6544741,1.1873744,0.15289164,-1.6549034,0.07521482,0.48776585,0.26005012,1.5864824,-0.42229295,-0.8813916,0.5841261,0.6795673,-0.7679223,0.015861556,-1.3152767,1.8416035,0.056517083,0.1341838,-0.16790362,-0.85517704,-2.4827821,-0.89532566,-2.5704002,-0.6505559,-1.2980759,0.2302303,0.26979828,-0.17721598,-0.03495001,-0.38540033,-0.8239953,0.3758594,-0.025042064,1.5583899,0.7412616,-1.4843867,-1.0987692,1.7799793
2.5519404,1.045626,2.012467,0.80786955,-0.8424492,0.5613444,0.0960276,-1.2362136,0.15463163,1.1886427,0.056389682,-0.71862906,0.72505707,2.2121139,1.6572043,-0.16730452,1.5585911,2.6891284,2.5852177,1.112306,-0.8337084,-0.9459255,1.9642057,2.195555,-0.71442306,-0.35414574,0.5537383,2.6896396,1.5101258,1.9958303,0.9260781,-0.6513717,-2.1104808,-1.1720697,-4.1911755,0.456173,-0.6475839,1.1890069,-0.47357577,1.1098086,1.3270249,-0.01924905,-0.5722313,-0.6550986,1.4253677,3.3018456,-0.35116974,0.01932766,-0.23025545,1.8793273
0.026817948,0.8006861,0.9550893,1.5401436,-1.690336,0.9760696,-0.07951359,-1.2848153,0.6846267,-0.17198381,-0.12378223,-0.30906165,0.047562573,2.1297097,0.7913854,0.48598102,1.7006125,3.041598,1.4393666,0.8771918,-1.3177677,-1.412641,1.5059421,1.3181131,-0.9837377,-0.52551836,1.5306165,1.2954249,2.1437829,1.2661533,0.9743843,-0.27418864,-0.8569829,-1.3002588,-3.8710997,1.7065346,-0.51310366,-0.12367932,-1.0215123,1.6463004,1.4017887,-0.42278022,-0.6234918,-0.8056213,-0.79203576,1.1334133,-0.42107898,0.9324566,0.09444961,1.1396766
1.2415415,1.7342718,1.4067643,2.3840327,0.6128645,2.4610896,1.5931457,1.2844819,1.7161264,-0.62003887,1.5800415,0.7147676,0.615592,1.9114443,2.0649707,1.6251696,1.4675069,2.667506,1.4047335,1.8838328,0.52477044,-0.6779108,1.295692,1.2041285,0.8060522,0.23955384,1.6839259,2.095887,2.705188,2.1661098,1.225642,-0.09862737,1.810568,-0.25711933,1.2590672,2.9813921,0.4279711,0.36568537,0.64723223,1.9630543,1.0605006,2.3020985,1.0203828,0.42506433,0.58088607,2.3770864,0.9021841,1.3235391,1.3141989,1.4948233
-0.28345644,1.4509665,0.43320072,2.6224844,0.586461,2.894587,2.1098015,0.76114976,2.0889194,0.5422181,1.8166031,0.99513626,0.045615688,2.5137794,1.2074913,2.0084078,1.6678979,1.3349468,0.4243746,2.2379637,0.9365463,0.3489217,1.1474221,0.678379,1.0864686,-0.06775075,1.7298621,1.3213319,1.2561855,1.1210158,0.46032214,1.0619032,0.8114516,0.9704517,0.7812808,2.9246123,1.4218364,-0.04423301,1.1568136,1.0920291,0.9293525,2.0985258,1.7270395,0.35682037,-0.5349399,0.788222,1.2078212,1.9244435,1.7914863,0.56722283
1.0137739,0.13966863,0.8334765,2.5094955,0.31903186,1.5030077,1.0525856,-0.5089493,1.9721729,-0.28537375,0.72654706,0.6975161,-0.17812937,1.5347999,0.95531344,1.9294211,1.2356352,1.5351914,0.5596332,0.64193404,0.35713395,0.16158168,0.7117051,0.73725057,0.5045617,-0.3902647,2.0486734,1.4114599,0.08566659,1.4462007,0.974004,-0.04846296,1.0542129,0.5668613,0.4436891,2.5007484,1.0657872,-0.055644307,0.50435305,0.68596536,0.9970651,0.5924474,0.31617337,-0.09290851,0.7304358,0.66911304,0.64185876,2.0282812,0.25151882,0.1959287
-0.46387652,-0.38361126,0.4175977,2.5462964,0.74125093,1.47272,1.0192839,-0.15737827,1.3696512,0.5110289,0.4669058,0.85213625,-0.6639919,0.76590586,0.1513565,1.6929023,0.6492408,0.106430024,-0.2870518,0.08238329,0.88220125,0.66856927,0.19939433,0.058664892,0.9209553,0.44131908,1.7098663,0.38496253,-1.3705981,0.48065096,-0.16404563,0.2529205,0.6354791,0.670882,1.2112374,1.9617423,1.1603484,0.049972825,0.6987746,0.39332095,0.2120097,0.69112873,0.41044024,0.68915015,0.2535631,0.05814601,0.72870314,1.8195325,0.05179285,-0.6264677
-0.38168412,-0.13968985,0.24466123,2.4981265,0.6508549,0.9110394,0.6241794,0.045887113,1.2031461,-0.020563424,0.39071473,0.5764693,-0.2796604,0.5278695,0.058210846,1.6778275,0.6556115,-0.029028837,-0.4571311,-0.21496703,0.79045284,0.8520593,0.39324477,0.021401966,1.0500984,-0.075459786,1.883422,-0.09657878,-0.5247919,0.099856205,0.001467119,-0.0703266,0.18801327,0.9917092,1.1364974,1.725679,1.0418305,-0.46221444,0.390854,0.18387637,0.56852424,0.07857366,0.06825838,0.6623232,0.40984666,-0.63939273,0.781002,1.7348228,-0.21471435,-0.9516888
-0.6777543,-0.7535145,0.024556793,2.091942,0.5955298,0.36322778,0.33203653,-0.75586337,0.49474165,-0.16475882,-0.36607134,0.25691375,-0.4514048,-0.12970354,-0.23271891,1.45498,0.4736439,-0.38947475,-0.755901,-0.564097,0.6568271,0.48589274,0.06710654,-0.33479804,0.8578356,0.20460884,1.3595389,-0.42101374,-1.3344891,-0.044138554,-0.17912436,-0.21534683,0.29831454,0.83925503,0.67642283,0.96985435,0.5554613,-0.5976012,0.15687078,-0.33934975,0.03105174,-0.2524341,-0.22499904,0.7831026,0.19020648,-0.8429251,0.45167646,1.7160691,-0.18850906,-0.71635836
-1.1652861,-0.6109812,-0.2921125,1.1249073,0.72555846,-0.6508065,-0.047397945,-0.8598773,-0.17354363,-0.8887528,-0.037379596,0.23092024,-0.03301328,-0.95769924,-0.54082566,0.683825,-0.49097687,-1.1349461,-1.5436202,-0.78011686,0.37273988,0.48146167,-0.4040542,-0.49591336,0.6408909,-0.0720292,0.89147776,-0.9622763,-0.7738907,-0.69644904,-0.20632039,-0.16623165,0.123964265,0.48284125,0.6545466,0.059468053,0.34728554,-1.3276052,0.027326971,-0.96482116,-0.08846263,-0.068609685,-0.25358835,0.57907504,-0.006499616,-1.0076176,0.17489655,1.1687806,-0.5918625,-0.8657592
-2.2886436,-0.8574703,-1.0118154,0.02252239,0.9990821,-1.2640126,-0.41770867,-0.7017847,-1.2641051,-1.507839,0.2929513,-0.1274468,-0.9452852,-1.4944129,-1.2745811,-0.13089103,-1.5707012,-1.9188604,-1.9404719,-1.1925837,0.34784675,0.54765177,-1.5505948,-1.2609723,0.55635977,-0.00074351043,0.0011467562,-1.7674983,-1.4943911,-1.63828,-1.2166492,-0.2070948,-0.075669155,0.18300296,0.057463106,-0.74394107,-0.011750067,-1.8894693,-0.14899656,-0.97951806,-0.9803233,0.18815747,-0.11918519,0.5756036,-0.812979,-1.6802163,-0.6339237,0.29182395,-0.5171482,-1.4841343
-2.0314689,-2.0140545,-1.2834513,-1.0456477,-0.0995013,-2.0759797,-1.2450286,-1.2796718,-2.0366511,-1.7654772,-1.056275,-0.9476722,-1.1559674,-2.230647,-1.8873093,-0.8783162,-1.9956464,-2.4181836,-2.2004385,-1.5915073,-0.6320824,-0.32420936,-1.5921391,-1.432963,-0.61114955,-0.3161354,-0.68297905,-2.3279047,-2.0633612,-1.9103132,-1.7691281,-1.0471005,0.07307354,-0.64497346,-0.20313779,-1.8693871,-0.7814381,-2.3788567,-1.0341067,-2.1620128,-1.7172798,-0.8839587,-0.80610746,-0.3118823,-1.2210104,-2.1947665,-1.1496133,-0.49725363,-0.96455646,-1.9929461
-1.9158926,-2.2363956,-1.556504,-2.041617,-0.48814574,-2.441505,-1.8663568,-1.3711364,-2.2884746,-2.3880568,-1.3580625,-1.4347732,-1.2531022,-2.6363895,-2.2563238,-1.3148103,-2.3072383,-2.1519592,-2.2858014,-1.8647145,-1.1562167,-0.8653525,-2.0370882,-1.6464014,-1.2508672,-0.9608633,-1.0615536,-2.7894957,-2.1705787,-1.8098102,-1.5848416,-1.1966013,-0.3215909,-1.0601003,-0.5677377,-2.0138743,-1.0608706,-2.485567,-1.2372916,-2.9537466,-2.0262084,-1.513147,-1.2429789,-0.69392234,-1.4031363,-2.7854316,-1.5223155,-1.2587684,-1.1565769,-2.3447006
-1.8526763,-2.5964954,-1.6440017,-2.631375,-1.149511,-2.888227,-2.304252,-1.9651685,-2.6165886,-2.5419648,-2.067408,-2.0218437,-1.2636739,-3.0167465,-2.5168412,-1.8001155,-2.613751,-2.2116718,-2.0399923,-2.2924232,-1.6994979,-1.6007221,-2.1741543,-1.905834,-1.6676421,-0.7683593,-1.6322165,-2.7487886,-2.754779,-2.1144245,-1.6741185,-1.4574052,-0.24551317,-1.5385268,-0.60567313,-2.3156111,-1.6662534,-2.7143397,-1.7534348,-3.020075,-2.1417634,-2.1753223,-1.588765,-0.7746518,-1.4154524,-2.694677,-1.9718752,-1.8148534,-1.6016117,-2.5222266
-1.4351486,-2.6199007,-1.3967526,-2.5361936,-1.8303094,-2.7197816,-2.5506618,-2.898246,-2.4358842,-2.5114505,-2.693686,-2.1832216,-1.3951409,-3.2910347,-2.5158455,-1.9186348,-2.1913886,-1.9255344,-1.8541915,-2.5142336,-2.0500376,-2.1136806,-1.4180982,-1.5679103,-1.8888985,-0.93056196,-1.8846215,-2.4838407,-2.8101196,-2.0156894,-1.6978914,-1.8442866,-0.26327386,-1.8067635,-0.98114586,-2.3485234,-2.1101868,-2.6061032,-1.8314998,-2.7417424,-1.8820947,-2.6024556,-1.9288778,-1.102574,-1.1624944,-2.529444,-1.9473686,-1.9494733,-1.8158059,-2.4900267
-2.0678673,-1.4527913,-1.5814387,-2.0880358,-0.83130026,-1.8728198,-1.7011712,-1.0051587,-1.6915225,-1.8431259,-0.85330606,-1.7208447,-1.7681888,-2.4893298,-2.1611452,-1.2971623,-1.764406,-1.5247464,-1.6837786,-1.6457515,-1.381188,-1.4625161,-1.7776622,-1.38817,-1.0553046,-0.81435263,-1.1171911,-2.4150155,-1.5342993,-2.01694,-1.312039,-0.8615291,-0.4443775,-0.7988133,-0.9322723,-1.4964745,-1.2965631,-2.5640569,-1.0636563,-1.4458556,-1.3475429,-1.4148451,-0.7228759,-1.4278532,-1.3281662,-2.1900146,-1.6080691,-1.5467368,-0.8338551,-2.2809262
-1.5197269,-1.4522821,-1.3349261,-1.5677038,-0.9833166,-1.7495397,-1.585208,-1.3804471,-1.4877747,-1.4699408,-1.234186,-1.8003091,-1.6324723,-2.1994362,-1.9838572,-0.782955,-1.430373,-1.7955557,-1.1483532,-1.4999357,-1.3544501,-1.2959223,-1.0429465,-1.036284,-1.3762414,-0.53887546,-1.0175682,-1.7447386,-1.4457413,-1.5117509,-1.1906486,-0.7728552,-0.12913145,-0.34025854,-0.91644144,-1.3292505,-0.9810067,-2.422657,-0.979982,-1.5271565,-1.0910391,-1.6792,-0.5107587,-1.1553994,-0.6941707,-1.847996,-1.5038999,-1.346897,-0.54953086,-2.0269656
-1.3447999,-1.5247688,-1.0556777,-1.4406787,-1.2186309,-1.6487023,-1.4070666,-1.2630743,-1.2653904,-1.3352861,-1.2666295,-1.5912884,-1.2381132,-2.0594096,-1.6848783,-0.7293354,-1.0265489,-1.3934927,-1.1172856,-1.4547123,-1.4340488,-1.0505714,-0.93482906,-0.79276395,-1.4793975,-0.30181304,-0.87301105,-1.8639209,-1.4815142,-1.3267658,-1.3028288,-0.7385427,0.21620445,-0.2734464,-0.31182298,-1.3651022,-0.87815124,-1.6396052,-1.0146964,-1.9284863,-0.8674446,-1.4467537,-0.39548925,-1.3456572,-0.51770514,-1.5045404,-1.4778609,-1.2733796,-0.16015792,-1.8477718
-1.2748883,-1.6910046,-1.0404525,-1.5204769,-1.1625576,-1.8769385,-1.3888419,-1.1374146,-1.4068019,-1.5155667,-1.195205,-1.5182778,-0.8788818,-2.2922843,-1.8320444,-0.6597573,-1.3195164,-1.3007632,-1.3652006,-1.4387286,-1.3207998,-0.79593724,-1.2334566,-0.83507705,-1.6689767,-0.5126309,-0.83018565,-1.6985952,-1.8841269,-1.445403,-1.2654172,-0.5664694,0.0015261207,-0.30061167,-0.4022526,-1.2930471,-0.68609434,-1.7375692,-1.0685459,-1.7357754,-0.8943414,-1.6869875,-0.60066485,-1.2270569,-0.45481697,-1.8262286,-1.1791198,-1.1584991,-0.855281,-2.186847
-0.7513464,-2.0831888,-0.72361314,-1.2840726,-1.7537993,-2.019607,-1.9546976,-1.2732185,-1.3747923,-1.5766087,-2.2196395,-1.6124908,-0.8234689,-2.0661106,-1.5125692,-0.616872,-1.2357787,-0.50298566,-0.5370727,-2.0353434,-1.9115138,-1.2053831,-0.46339,-0.7707937,-2.2612226,-0.30001298,-0.6843367,-1.5205499,-1.9442415,-0.86409795,-1.1001762,-0.8623231,0.03302189,-0.62152475,-0.32987195,-1.4852693,-1.0797933,-1.6838837,-1.6113387,-1.3736646,-0.8173048,-2.4323292,-1.2989784,-0.61480844,-0.114397146,-1.6415898,-1.4763674,-1.2591302,-0.9425453,-1.8268105
-1.1195846,-1.4761968,-0.72542655,-0.6998914,-1.474984,-1.451202,-1.1302973,-1.3905438,-1.0690789,-0.912148,-1.9090347,-1.0307299,-0.8843038,-1.8026588,-1.2004794,-0.14918874,-0.47682926,-0.21109661,-0.5648876,-1.6203163,-1.4537683,-1.1664476,-0.29255018,-0.69863147,-1.945888,-0.13456234,-0.83759344,-1.4316444,-1.1887752,-0.9415075,-1.3762662,-0.07838012,-0.05544505,-0.78473115,0.016200572,-0.8833531,-1.0781631,-1.4129964,-1.2625654,-1.1186982,-0.8126366,-1.4704757,-0.66253793,-0.85849655,-0.17049293,-1.6514349,-0.9974311,-1.0944645,-0.20066884,-1.4138972
-1.0982227,-0.33202597,-0.6736495,-0.20860152,-0.3647408,-0.96536666,-0.503951,0.43493932,-0.5575062,-0.3768373,-0.084198296,-0.67084324,-0.48510894,-1.4448195,-0.6982812,0.5098928,0.017332984,-0.04761272,-0.4832362,-0.8255557,-0.86396605,-0.53104615,-0.43117052,-0.5249229,-1.2301598,-0.25601542,0.17115667,-1.5457805,-0.0131794745,-0.68066525,-0.6992995,0.33810645,-0.027602358,-0.0069927177,0.19823413,0.044092283,-0.12528624,-1.109834,-0.59594387,-0.24610426,-0.43627632,-0.8042668,0.11651537,-0.73680574,-0.12113098,-1.4560262,-0.84036577,-0.50960636,0.5263493,-1.5156898
-0.99520475,-0.25149688,-0.6735362,0.0021552527,-0.35313565,-0.71964717,-0.24682058,0.3671207,-0.35590062,-0.055259243,0.0165985,-0.52419627,-0.62055343,-1.0328591,-0.48348612,0.62238216,0.18558346,0.38494408,0.048331957,-0.5552677,-0.58842397,-0.40537795,-0.081418574,-0.32420683,-0.9898532,0.0054915417,0.039002895,-0.83414614,-0.098913305,-0.16281888,-0.69228995,0.5872554,0.2916693,0.3620101,0.60998964,0.1447885,-0.037819304,-0.9422633,-0.3556528,0.01736656,-0.2593022,-0.3229008,0.39159578,-0.5825879,-0.055100348,-1.1068656,-0.613547,-0.58334845,0.62118906,-1.2037542
-0.63517845,-0.4654772,-0.3389593,-0.009294528,-0.7830732,-0.8650616,-0.43773532,0.3486182,-0.34105867,0.12229548,-0.5139506,-0.6593482,-0.50725734,-1.0258261,-0.40784934,0.28964448,-0.07845758,-0.0026315863,-0.10579653,-0.68624824,-0.641412,-0.4057266,0.26538745,-0.05414426,-1.1447047,0.29517365,-0.11533468,-0.6853113,-0.009951849,-0.16529857,-0.345425,0.5144617,0.47590932,0.4332907,0.75040185,-0.45318326,-0.057028905,-0.7333523,-0.4969233,0.13948293,0.011829234,-0.6556458,0.18021281,-0.8762597,0.28840336,-0.7504492,-0.6949628,-0.43779832,0.83775663,-0.9360911
0.028537994,-1.3505543,-0.025236828,-0.5073465,-1.2957247,-1.263144,-1.1297727,-0.039243363,-0.44033137,-0.26983872,-1.6610181,-0.8419105,-0.07247431,-1.392932,-0.33246154,0.055386968,-0.19542652,0.7141908,0.18081741,-1.0771322,-1.2730916,-0.55116755,0.5973479,0.24523784,-1.9611254,0.033771027,0.10103318,-0.4993068,-0.6876525,0.53358704,-0.1513306,0.21968552,0.29254654,0.15277638,0.55604935,-0.13953763,-0.129968,-0.5345543,-0.9968312,-0.6992586,0.31126285,-1.3853525,-0.59872925,-0.39368054,0.7100196,-0.7435775,-0.620586,-0.26841614,0.018597307,-0.8808263
-1.0549811,-0.6911496,-0.54973215,-0.10426035,-0.732912,-0.3738747,-0.33694056,-0.25362927,-0.33441806,-0.065858535,-0.36147425,-0.35191336,-0.38556665,-1.0637078,-0.34063512,0.28714934,0.33345908,0.4074889,-0.13296501,-0.40083787,-0.79123735,-0.2201445,-0.006378948,-0.051096063,-1.0706886,0.09836512,-0.014802382,-0.5469329,-0.3405146,-0.28406513,-0.534792,0.6263604,0.02602817,0.22762316,-0.016896436,0.17543955,-0.032107286,-0.53177553,-0.57321024,-0.15874852,-0.11634932,-0.21381621,0.3140375,-0.19681956,0.18198924,-0.6962156,-0.6273003,-0.2362117,0.36232233,-0.9700536
-0.5468642,-0.3151138,-0.2893168,0.16005446,-0.49361986,-0.2543211,-0.054286387,0.2241015,-0.0047126994,0.37339684,-0.105186634,-0.38745332,-0.66656685,-0.5259075,0.05538951,0.47043836,0.594573,0.569128,-0.060112614,-0.14780179,-0.4685594,-0.26555938,0.30155027,0.29780635,-0.7331507,0.5584155,0.15002735,-0.3171779,0.016507965,0.20643993,-0.06343931,0.47274783,0.50687635,0.5558942,0.5636169,0.13162363,0.12850739,-0.2781304,-0.39902458,0.17479402,0.24236488,-0.069248654,0.6404452,-0.8114457,0.44213003,-0.5258607,-0.42662445,-0.1833944,0.83268464,-0.5331277
-0.12981737,-0.31827554,0.08239748,0.32436553,-0.29600406,-0.3421301,-0.08797588,0.70359445,0.33429563,0.45277908,-0.41134512,-0.45624492,-0.052837998,-0.29445148,0.2567003,0.8803955,0.77286744,0.6994051,0.31344882,-0.19864829,-0.4840381,-0.15546533,0.48252684,0.36371717,-0.8587302,0.6072393,0.6934712,-0.18176474,0.35463545,0.44571963,0.37044752,0.59009117,0.53911716,0.721077,0.91887695,0.53862935,0.4052143,0.15725267,-0.4287858,0.33123067,0.5326821,-0.38647857,0.5894739,-0.38953802,0.8370061,-0.26301575,-0.49614412,0.32758448,0.98091036,-0.41585097
-0.45747718,0.05782391,-0.020023232,0.40230486,-0.07172925,-0.17225581,0.26103085,-0.2053847,0.2625953,0.44757867,0.06343604,0.065859735,-0.05616654,-0.51685214,0.18724558,0.74347454,0.41085488,0.28122702,0.21369898,0.067643784,-0.16865425,0.14703904,0.37403834,0.3649442,-0.15061325,0.44537577,0.44637817,-0.33424112,0.45193493,0.16685107,0.53212947,0.85441136,0.42173806,0.617776,0.8961961,0.3729378,0.46627292,-0.24792807,0.022670168,0.13631786,0.13735598,0.2414318,0.9630484,-0.17883272,0.99114263,-0.61266005,-0.14700037,0.25359288,1.4506224,-0.33416665
0.073148265,0.112846814,0.3750389,0.4421501,0.5806402,-0.3119825,0.40847084,0.6677801,0.53320825,0.56139207,-0.06859834,0.11141093,-0.38548294,-0.4964473,0.51335907,0.75475466,0.21396479,0.5118571,0.63523793,0.32582435,0.015499907,0.56505644,1.0420882,0.9404465,0.3225646,0.33678412,0.904738,0.2991783,-0.44719437,0.577855,0.92925686,1.2284467,0.49696258,0.88147986,2.2093775,0.31957483,1.0124228,-0.09680241,0.5160797,-0.33552414,0.72517604,0.23685916,0.8848449,0.21834412,1.6648971,-0.5814032,0.4905597,0.760267,0.9451463,-0.7094218
0.6125959,0.6115542,0.46962035,1.2052174,0.48019,0.24017191,0.8309467,-0.0070247524,0.8451339,0.833348,0.0844809,0.486958,-0.42048496,-0.410753,0.8250755,1.2423211,0.880969,0.78847206,1.0077151,0.20888937,0.20474295,0.27185005,1.433802,0.8565694,0.7047439,0.74156684,0.94910556,0.54956,-0.009245805,0.910479,0.64670056,1.2568042,1.2446176,0.84000695,1.3471591,0.96528184,0.64136326,0.19941297,0.44207886,0.83651227,0.7456328,0.71395206,1.2425339,-0.12391116,1.6087427,0.06740783,0.23153305,0.75518864,1.5662704,-0.091198385
0.7543426,0.7975456,0.6961284,1.2947681,0.75614053,0.28861535,0.8257005,1.1183168,1.2079506,1.1160488,0.3606641,0.71850395,0.1936835,0.14032854,1.0290416,1.5253899,1.0375398,1.2154944,0.76632637,0.25341892,0.11178592,0.3732127,1.4262168,1.0475596,0.7497372,0.6887515,1.3404394,0.55106866,1.1066052,1.1606477,1.5109152,1.525605,0.9619608,0.90492857,1.6551766,1.2199367,0.87978137,0.7926409,0.35465795,1.0849835,1.3228701,0.62247914,0.93904227,0.26549432,1.5401943,0.29082966,0.22550707,1.0739142,1.4385927,0.06256148
0.07116929,1.174982,0.42400137,1.4946678,1.1964242,0.69681233,1.3174485,-0.04860176,1.2814258,1.164255,1.3600596,1.313941,0.0629911,0.23773447,1.0180882,1.6333048,0.9816955,1.15041,0.35519195,0.3839688,0.5467375,0.93864685,1.11562,0.8363686,1.3758454,0.5703377,1.0765405,0.49605542,0.7784968,0.9744767,1.1251444,1.7789792,0.8453627,1.0066077,1.1414119,1.1168035,1.1089795,0.44565555,0.8175654,0.71937746,0.9648036,1.6059577,1.4982136,0.5058021,1.3008405,0.40386367,0.44037774,1.0094179,2.2062192,0.027101764
-0.2609109,0.84217083,0.42851603,1.5856194,1.1872824,0.4641773,0.9511522,1.168252,1.4316508,1.3445357,1.0406562,1.061568,-0.1780247,0.1419585,1.0155988,1.5209974,1.1814265,1.2546698,0.43037963,0.12791783,0.5527805,0.9168983,0.94394517,0.7600087,1.1923524,0.6609938,1.1632986,0.67966694,0.7533482,1.2605472,1.0293198,1.7345431,0.66741943,0.893607,1.1490229,0.78695303,1.1660866,0.6367549,0.6131741,0.62172836,1.109895,1.2926216,1.0919117,0.31456664,1.0243238,0.80799764,0.4789233,1.1958069,2.104324,0.08486832
0.27476373,0.2201977,0.63802326,1.0698406,0.88939893,0.11120419,0.15120356,1.2486438,1.2187225,1.1198597,0.16749224,0.6689125,0.32508767,-0.21355654,0.8075666,1.4297427,1.2613189,1.2234976,0.72718954,-0.4218943,-0.13739999,0.7356601,0.6509543,0.5939982,0.31364807,0.53764933,1.2758256,0.554242,0.49349064,1.1444758,0.96126175,1.2826947,0.7478953,0.64652026,1.5992141,0.9375703,0.9211087,0.8768932,0.0633537,0.54857415,1.1105915,0.5645722,0.37070444,0.50793964,0.89745444,0.95166254,0.21371482,1.3636419,2.040892,0.34286574
0.12724653,-0.15897863,0.53027564,0.681895,0.21226822,0.14933695,0.0109028965,0.3803844,0.7495946,0.82114756,-0.1248373,0.6176406,0.07406531,-0.2815928,0.52128375,1.1083372,1.1033994,0.7520097,0.28211018,-0.39057288,-0.28601673,0.43373683,0.77229345,0.38378876,-0.0763332,0.39424312,0.8249132,0.28110066,0.6655971,0.41024923,0.38074452,1.4143019,0.72268426,0.39711332,1.0291278,0.4748651,0.60959506,0.9070728,-0.107741505,0.70622176,0.7202757,0.16391644,0.30291328,0.58710325,0.6031956,0.9482196,0.048961163,1.0676379,1.840418,0.29218733
0.009099607,0.42477766,0.37324437,0.838986,0.5713342,0.33887997,0.41403633,0.6302751,0.8558752,1.0624833,0.5428708,0.67193377,-0.425886,0.055509612,0.7027622,1.169702,1.124176,0.77306235,0.45510858,0.10621534,0.07226222,0.5115058,0.70861995,0.6265855,0.5608914,0.4141353,0.8303702,0.3641017,0.8011238,0.26386103,0.73279876,1.5692755,0.43850136,0.72735006,0.80440736,0.4411992,0.6464884,0.8036195,0.17619652,1.1402482,0.87698865,0.8112955,1.0160443,0.04724962,0.48021036,0.8049673,0.23342916,0.7156849,2.1670089,0.329656
0.24091764,1.0282047,0.43263403,0.96655,1.2811636,0.77646804,1.0169345,1.2899827,1.2033908,1.2071154,1.4307681,0.745284,0.2759969,0.36897743,0.94718134,1.4541484,1.4137,1.0131335,1.0562764,0.662488,0.48870295,0.7608082,0.8479594,0.6237052,1.1332071,0.60884374,1.0615404,0.54511213,1.2469397,0.67003495,0.8110994,1.548773,0.55844,1.3989518,1.055788,1.3698003,1.1684861,0.79243594,0.6080092,1.3094827,1.0704968,1.562288,1.6380233,0.5711297,0.45503166,0.9232084,0.25692272,0.92346036,2.5346959,0.5585996
0.8080895,0.7027568,0.59956354,1.0495812,0.75898707,0.8643051,0.80204713,0.8939057,0.96943897,1.3412937,0.827212,0.87342805,0.43407127,0.54045653,0.98522794,1.3508079,1.6942132,1.1657385,1.2570479,0.53062207,0.4546922,0.7083472,1.2475832,1.0973642,0.8136049,0.711683,0.8966975,0.86161375,0.8686686,0.99306357,0.9778076,1.4933625,0.8429113,1.5010067,1.1641362,1.0824342,0.8837198,1.5040134,0.4979605,1.6961433,1.2118366,1.0082389,1.3951142,0.2000093,0.8237531,1.3333178,0.17555888,0.89942867,2.1880121,0.7476486
0.8005065,0.6504076,0.67653966,0.9762487,0.5325591,0.5659954,0.7150065,1.1695379,0.9474056,1.2445636,0.30455703,0.77501386,0.03977504,0.43640998,1.11725,0.9327935,1.6086386,1.1032586,1.4287536,0.5437345,0.32787284,0.4695341,1.2900785,1.0988107,0.6607185,0.8024043,0.7518767,0.8637987,0.9339272,0.7534389,1.05782,1.2679204,0.8979478,1.3477792,1.5163301,0.7480112,0.75405174,1.4791181,0.43539,1.0891118,1.3687817,0.85007316,1.0878402,0.18664552,1.1151818,1.1931528,0.3541048,0.74216217,1.6212494,0.6972545
0.52195126,1.0218174,0.3858061,0.8812828,0.8316834,0.6293165,0.854121,1.6518884,0.9224344,1.170964,0.6164619,0.770044,0.7361104,0.31778422,1.0009112,0.9437877,0.90843207,1.0931664,1.2786076,0.71917284,0.41427794,0.75688565,1.1881545,0.92109823,0.853216,0.66627663,0.8385161,0.55156285,1.371943,0.98245484,1.0554291,1.150095,0.64226854,1.3177352,1.7032348,0.93694216,0.8811637,1.3676473,0.5757503,0.9674633,1.0672218,0.8556642,1.1423045,0.7433178,1.0803416,0.79505104,0.11916913,0.69432336,1.0351741,0.623947
0.21454358,1.2188644,0.3172171,0.9148509,0.79006183,0.837996,0.99004227,0.73617023,0.9520265,1.4020576,1.0604011,1.0279768,0.13831246,0.24582396,1.0685818,0.9804611,1.3090421,1.4363849,1.3398253,0.80425996,0.44116423,0.7638446,1.3445663,0.9418802,1.0430591,0.8641417,0.717474,0.74880415,0.80690664,1.1153017,1.1660335,1.7017901,0.63216245,1.5150781,1.2576537,0.9567649,0.8512734,0.9620338,0.7737491,1.7974803,1.044321,1.1812007,1.4520036,0.30797175,1.077648,0.72807,0.34275413,0.62363833,1.4336182,0.42957243
0.7868016,0.81377876,0.5299545,0.9296413,0.52513254,0.5343909,1.1330572,1.2420238,1.2460194,1.5421245,0.27330062,0.858733,0.2106193,0.27120927,1.308935,1.0694546,1.3798375,1.4871175,1.4139079,0.84857416,0.475387,0.77264863,1.5929278,1.3155298,0.6827312,0.8001998,0.87328786,0.9590509,0.67349803,1.4941559,1.4132702,1.7152032,0.702352,1.6116441,1.8666431,0.71698326,1.042287,1.1670271,0.7064371,0.79674256,1.4272313,1.0321803,1.4010768,0.29622355,1.5379106,0.9358847,0.43729982,0.8770939,1.3641709,0.44429836
0.741618,0.9662641,0.7093324,0.76514167,0.6982608,0.2843846,0.8598918,1.5653291,1.1674948,1.4704965,0.542136,0.7853827,0.6730355,0.03773084,1.3137064,1.1307675,1.0634532,1.0580062,1.3705592,0.6567453,0.24282481,0.8031286,1.4142709,1.0951813,0.3334023,1.3632067,0.85760236,0.5651406,1.2222618,1.7228914,1.2014074,1.4773972,0.73561424,1.1241949,1.2736803,0.69163334,0.9036206,1.595486,0.53271717,0.8971989,1.1898401,0.6931655,1.4180079,0.75431204,1.7661583,0.66151583,0.32131252,0.770249,1.3736322,0.4965498
-0.25062758,0.7320613,0.14494175,0.6145703,0.9110764,0.63800216,1.4754721,0.33995038,0.97546756,1.3569213,1.3334756,1.1273563,-0.085830346,-0.12906966,0.9967622,1.1127816,0.63698715,0.7156829,0.91651404,0.8737462,0.6039663,1.146239,1.0173379,0.75388646,0.6724068,1.315896,0.66594905,0.21752983,0.6067265,1.4000784,0.5478331,2.115214,0.3182142,1.4299302,0.853357,0.6470888,1.1383089,1.1036614,0.8037432,1.3644723,0.8794327,1.8175576,2.1607294,0.3542023,1.4105728,0.22147271,0.05516897,0.6114353,2.0174825,0.3102678
1.1519511,0.84028226,0.7422574,1.5869395,0.68754977,1.081446,1.2119094,1.2257597,1.750982,1.6063157,0.6980413,0.9819608,-0.06985753,0.7337894,1.6727216,2.1387272,1.957221,1.6381217,1.2765017,0.97065365,0.22068813,0.75543284,1.8040594,1.589196,0.61700106,1.1419015,1.6296593,1.141908,1.3142155,1.53713,1.5787287,2.5562582,0.86349595,1.5075698,1.3809412,1.0567827,1.553604,1.049771,0.77857524,1.1237073,1.6704028,1.7249864,1.4022559,-0.040000204,2.6469052,0.96270275,0.5236896,1.4999337,2.4013283,0.7002868
0.96045244,0.51059043,0.61401427,1.14223,0.72054046,0.7505512,0.61617327,0.93538743,1.659268,1.4844834,0.52634764,0.99029154,0.26232684,0.26906615,1.4599181,1.8123053,1.4843807,1.5126466,1.1249586,-0.076018505,0.09717657,0.83546823,1.5389735,1.3226595,0.49841693,0.73491436,1.3984627,0.76945686,0.98883045,1.219643,1.3936,1.8976554,0.79599816,1.2942758,1.5768703,0.9737234,1.4568387,0.95085025,0.1505841,1.2299157,1.5909832,1.3068587,1.3723317,0.4873513,2.1904292,1.0398704,0.37240353,1.4142631,2.4305248,0.5244665
0.37748572,0.102088384,0.2463802,0.9171139,-0.171486,0.5157588,0.19741541,-0.4635146,1.2223641,0.92027277,0.5287404,1.0821805,0.29678458,-0.0064595197,0.88461405,1.365181,1.3836542,1.4335634,0.62377,-0.5630681,-0.06225407,0.5794102,1.1662805,0.56041634,0.20242597,0.58079904,0.8908187,0.2526967,0.5783503,1.0120817,0.67082655,1.1694064,0.5422415,0.62057954,0.70563823,0.73786116,0.8846066,0.6500339,-0.39123502,0.70569885,0.6636225,0.9524086,0.7411196,0.38324967,1.7931718,0.42530385,0.19071478,0.8528376,1.5837297,-0.07753379
0.06334584,0.8854804,0.07350037,1.2467328,0.89587665,1.1712162,1.023458,1.1275322,1.9072968,1.0044584,1.5787227,1.3892041,-0.161696,0.36064646,1.1035167,1.7759438,1.6238768,1.6492991,0.56759816,0.13626862,0.7942483,1.0431621,0.9879251,0.41505864,0.9514886,0.11215267,1.5233405,0.4166179,0.97581905,0.9312006,0.46274018,1.6451318,0.5061674,1.2387959,1.0951043,1.6054364,1.8326583,0.66941714,0.457658,1.1711282,0.8185757,1.6927383,1.1534956,0.4371025,1.3362079,0.27876508,0.6623783,1.3315747,1.7944775,0.07175334
0.745354,1.5104243,0.32552862,1.5917618,0.9882798,1.9616654,1.3106284,0.94884163,2.4363737,1.4154093,1.6361862,1.6589001,-0.16515015,1.2114015,1.1097403,2.1725416,2.099587,1.7323433,1.0975816,0.5781187,1.1375998,0.9734272,1.1119783,0.36048815,1.3419391,0.20140001,1.5515481,0.86650383,1.1072104,1.1246815,0.61140823,1.4476218,0.64481604,1.4168686,1.0330746,2.0575395,1.7610234,0.8576922,0.68247575,1.3921596,1.1599493,1.5001879,1.2419555,0.71230686,1.0672252,1.0717958,1.0247039,1.6388956,1.9120111,0.4350686
1.5360765,1.0240668,1.0871292,1.2758018,0.241719,1.5934504,0.91164637,0.6043906,2.187733,1.282713,0.6182329,1.6155478,0.30147386,1.4905492,1.3424176,1.574487,1.7793285,1.5475898,1.4603215,0.10387042,0.6510597,0.8049882,2.0338871,0.76655716,0.9734426,0.48547316,1.5440744,1.205609,0.84456223,1.4055122,0.82530874,0.51970786,0.9739895,0.83584994,1.0832095,1.4430864,1.2548707,1.9344083,0.2871343,1.7373166,1.3865744,0.84965384,0.40823764,0.5662498,1.3843402,1.5068595,0.95484656,1.5730269,1.2337297,0.7215892
1.0294023,1.6748776,0.8517429,0.9999564,1.3280039,1.7137045,1.5800303,1.3519195,2.0889194,1.1887486,1.7627004,1.9267011,0.23664054,1.5439157,1.1270002,1.2423471,1.4996188,1.1446857,0.7397208,1.0477489,1.4653243,1.2551419,1.4214848,0.69695234,1.7952601,0.20908296,1.5046761,0.89059,1.4339067,1.1498234,0.63594174,0.8811525,0.9869074,1.0987589,1.1125119,1.6032004,1.5934186,1.4937638,0.82338643,1.8734418,1.3560237,1.7329336,0.8764795,0.6969464,0.6858364,1.3608614,1.2184187,1.525837,1.3621876,0.8514313
1.3256758,1.5102545,1.1107415,0.87640655,1.2200724,1.4564134,1.1384403,1.6402439,1.6767724,1.2391912,1.1963919,1.470188,0.5916642,1.6065187,1.0179638,1.059578,1.2483766,0.9132689,0.8038576,0.8014126,1.3096892,1.0463728,1.5363292,0.7497404,1.6793598,0.2963215,1.4560773,1.1198248,1.0413803,1.0135049,0.62194973,0.40066308,1.0999485,0.893693,1.658058,1.5230052,1.2883863,1.4545417,0.5766393,1.4749742,1.3413472,1.1432219,0.35450754,0.89022,0.6619263,1.4694707,0.74643046,1.6968287,1.0977613,0.92284346
1.5677772,0.9824972,1.1289325,0.11452474,0.7301932,0.9268697,0.7283956,0.70942855,1.0505341,0.27005044,0.42492914,1.3291903,0.17792003,1.6108955,0.86183584,0.31007347,0.6748959,0.1450628,0.60890347,0.6248735,0.95840734,0.54500765,1.2263587,0.6505448,1.3246634,0.30637845,0.93935156,0.990212,0.6906448,0.6942712,0.4735534,-0.032667838,1.3768252,0.21901922,1.5028695,0.67794085,0.6095168,1.793874,0.32347852,0.95948184,1.1297652,0.5303872,-0.22929299,0.80615985,0.706194,1.2335434,0.6720277,1.1279917,0.32535532,1.0262661
0.3550881,1.5324292,0.48648897,-0.25491253,1.4910963,1.2595016,1.3238808,0.74895763,0.814685,0.008865827,1.5898763,1.5140945,0.1943534,1.5358565,0.5928959,0.047771584,0.15063052,-0.36674002,-0.24889499,1.2145253,1.5200087,0.88877183,0.53218985,0.18956949,2.1221216,-0.07041174,0.4956096,0.21487671,1.2858729,-0.123661265,0.18982889,0.36969668,0.9243485,0.18315335,0.7699839,0.67942315,0.59296757,1.0817271,1.0180831,1.2348423,0.75235397,1.7389439,0.53799087,0.6712959,-0.35275543,0.6344417,0.7711188,0.69250166,0.48548073,0.75757957
0.84859383,0.8142668,0.623497,-0.64614475,0.6688648,0.42206597,0.6149644,0.85473377,0.35023925,-0.30340976,0.55681276,0.85356647,0.09667428,1.0412806,0.31096956,-0.5166505,0.038712244,-0.1124257,0.21140541,0.70089203,0.94396764,0.21953432,0.325048,0.63368934,1.2755344,-0.17134655,0.2894439,0.48739377,0.44779956,-0.27330542,0.6526777,-0.08169795,1.1077354,-0.24430472,0.9674678,-0.24189202,0.12509061,0.8508363,0.6034583,-0.043732908,0.8913719,0.6175071,-0.21018153,0.12103625,-0.36224136,0.79738426,0.26619548,0.46591014,-0.29287505,0.6776388
1.005784,0.70108044,0.83088857,-0.4890538,0.41302255,0.2694509,0.16336097,0.7521247,0.08672591,-0.55711794,-0.14558071,0.4280704,0.5756285,0.8972997,0.2640026,-0.52015924,0.08388131,-0.4293555,0.2844246,0.52301306,0.4266185,-0.16935422,0.46717098,0.63106734,0.6221779,-0.009404754,0.08242146,0.3237847,0.6963268,-0.48356193,0.59611213,-0.19192354,1.1306031,-0.5085027,0.9201817,0.11416259,-0.31243962,1.3739338,0.36460656,0.20952713,0.8111335,0.026217844,-0.51402926,0.36626533,-0.2213578,0.7325373,0.012909124,0.21081997,-0.4525453,0.79648864
0.33098894,0.6570282,0.37774014,-0.61193013,0.5449489,0.4535024,0.4595639,0.12927926,-0.116379194,-0.4970156,0.43685517,0.5735196,0.18428403,0.76952803,0.15318207,-0.5058382,-0.34605706,-0.6169035,-0.17445794,0.8319444,0.45087552,0.117982805,-0.019600768,0.49171564,0.6183063,-0.31353965,-0.047465164,0.10287343,0.7824641,-0.8400557,0.2634837,0.29798058,1.0785588,-0.2278917,0.5551686,0.10127407,-0.16281863,0.62233704,0.57111466,0.5074008,0.53216887,0.7061845,0.1197859,0.054432757,-0.5593378,0.14289664,0.16039002,0.044819206,-0.11948444,0.6793066
0.30086038,0.4510902,0.341415,-0.36345643,0.26436362,0.18780592,0.4131924,0.95484245,0.05177849,-0.2630901,0.029560778,0.30755994,-0.04760444,0.61622006,0.24765542,-0.30568096,0.21740842,-0.33670738,0.06618017,0.6158767,0.113991104,-0.0030509038,0.23045401,0.5489856,0.33828586,-0.27512494,-0.23615271,0.4889024,0.43364507,-0.4326743,0.7249469,0.38563362,1.1415983,0.006337486,0.8084738,-0.22922963,-0.150573,0.636846,0.45298,0.06564064,0.58817446,0.42084333,-0.059981942,-0.1924202,-0.20476718,-0.084679484,-0.15103935,0.023470191,-0.09623781,0.48800233
0.48492396,0.58621776,0.40594268,-0.3964318,0.42294896,0.15258706,0.6239513,1.2919829,0.283221,-0.20612384,-0.25545862,0.30055207,0.90827346,0.35886556,0.4361872,0.03277474,0.15545161,-0.073874325,-0.16359472,0.6510744,-0.24606897,-0.11644283,0.30428743,0.36748865,0.2541507,0.14602806,-0.0019112604,0.13962695,1.0058091,-0.055696085,0.92048126,0.5099812,1.0614951,0.11414994,1.2850752,0.3428646,-0.03927991,0.6346822,0.38156158,0.49471304,0.64504766,0.104891345,-0.24006127,0.15913089,-0.0013662856,-0.145614,-0.0164416,0.15558204,-0.11717603,0.34821028
0.21173231,0.10342523,0.35280555,-0.7106676,-0.38674676,-0.02398357,0.38057494,0.21905321,-0.14581826,-0.18837896,-1.0035592,0.024330916,0.64632344,0.063055776,0.25607795,-0.20010525,0.11946558,-0.1978573,0.06907842,0.18625371,-0.7726205,-0.20380038,0.32245004,0.0930217,-0.31743172,0.0169703,-0.5964319,0.13083524,0.52065647,-0.11658875,0.57858825,0.24747588,0.8510466,-0.12926324,0.8562492,0.08934026,-0.55663496,0.4129477,-0.021738807,0.56957364,0.16284749,-0.5782502,-0.7787196,0.27150926,0.08254317,-0.53165114,-0.43344265,-0.33136517,-0.6755179,0.42083544
0.32503352,1.014433,0.13906701,-0.30257055,-0.0068609,0.40522707,1.0521066,0.86132985,0.18052088,0.09056376,0.3064976,0.23635492,-0.11857148,0.47438228,0.37681463,0.005250196,0.75940853,0.3198598,-0.050000016,0.7778676,-0.31074026,0.12328557,0.19992784,0.40264627,0.25357875,-0.18509497,-0.17414878,-0.062426355,0.8631547,-0.04325449,0.7657002,0.3216591,0.46950445,0.44991854,0.75683856,0.17174636,0.07220879,0.33197534,0.5695271,0.6708006,0.38403463,0.41840726,0.009945078,-0.31440094,0.22674486,-1.026938,-0.20933819,-0.144789,-0.1559963,-0.08782487
0.5274998,1.3623526,0.12930097,0.10097359,0.7164714,0.83101946,1.4385208,0.8493759,0.67590517,0.31133607,0.7377948,0.515061,0.22466616,0.70798147,0.82088494,0.4100611,0.51189697,0.57767385,0.5188909,1.2329977,0.20183805,0.35711557,0.80873466,0.31352523,0.90294623,-0.06956388,0.22476423,-0.04692381,1.138478,0.4603175,0.8985017,0.6910155,0.45570928,0.8861739,0.8105614,0.98512965,0.38087952,0.6010861,0.8443844,0.75449586,0.33767086,1.005104,0.3740862,0.5211046,0.30513063,-0.5878338,-0.010142883,-0.036559097,-0.04867162,0.16685589
0.6141125,0.37726656,0.30975562,-0.11199232,0.07714863,0.3817478,0.8504943,0.8771177,0.2503851,0.36941385,-0.2463775,0.21025416,0.5604303,0.7114527,0.57036674,0.14619976,0.59982455,0.35271394,0.51557565,0.6112825,-0.1379937,0.116500944,0.96222377,0.3424702,0.34121895,0.22634022,0.11486016,-0.076212175,0.39316526,0.43942335,0.8756798,-0.03717668,0.5930241,0.5713727,0.9450588,0.36828992,-0.057889618,0.8714723,0.3579389,1.0036275,0.44970644,0.111360945,-0.402987,0.10013307,0.39296326,-0.3173489,-0.2788059,-0.058556944,-0.6498003,0.07723055
0.37746724,0.1811533,0.16942298,-0.23570383,-0.083571605,-0.05278627,0.667791,0.23291221,0.24273463,0.20502555,-0.045123048,0.19563058,-0.038749263,0.25937688,0.25259274,-0.3710485,0.08761192,-0.34178066,-0.36305267,0.34652185,-0.20629083,0.058649994,0.57041717,0.20492673,0.12078391,0.2062263,0.035826247,-0.3579111,0.15882611,0.15419385,0.63042647,-0.39927357,0.45068628,0.27483207,0.7422581,-0.3083445,-0.21024926,0.32115623,0.103529215,-0.26248002,0.3695536,0.1394957,-0.27405697,-0.020000102,0.32379016,-0.60018295,-0.33101383,-0.2335415,-0.68527174,0.052876867
0.04209493,-0.06900674,0.01922986,-0.4319665,0.497397,-0.01683893,0.46106935,0.76976997,0.11898036,-0.16343556,0.14744592,-0.055365797,0.054366197,0.11980296,0.05099154,-0.2604305,-0.41558987,-0.05727091,-0.7879694,0.33350515,-0.20707536,0.12385216,0.2614905,0.14223202,0.108186364,0.14411058,-0.01583051,-0.6359945,0.07211728,0.20298992,0.787544,-0.32588437,0.5271245,0.43172243,0.5028049,0.20845224,0.05341651,0.25758553,0.11889667,0.39527503,0.27928236,0.3798892,-0.21151644,0.15099497,-0.0432527,-0.5599488,-0.4827285,-0.3537748,-0.7299768,-0.053009532
0.08825879,-0.48410815,-0.014186271,-0.43528023,-0.08928294,-0.126306,-0.14290093,-0.06824725,-0.089357674,-0.27412605,-0.4095741,-0.3195913,-0.4827015,-0.14382996,-0.15438528,-0.25972876,-0.2301499,-0.39018014,-0.27675155,0.15007493,-0.5247492,-0.34741077,0.14880347,0.11535362,-0.5918206,0.3918039,-0.045171652,-0.11293968,-0.2201174,0.4528784,0.6717503,-0.43245184,0.6767204,0.28241557,0.47524217,-0.14388405,-0.26683477,-0.29088557,-0.16512603,0.25992045,0.19028203,-0.062519476,-0.6009319,0.04550976,0.017273754,-0.049225643,-0.47426096,-0.30410182,-0.87807244,0.21895571
0.28680408,-1.011929,0.27939963,-0.44303912,-0.48544517,-0.15488455,-0.6481293,-0.5088064,-0.2139688,-0.41985643,-1.1757804,-0.52067447,-0.36544886,-0.32421356,-0.3117579,-0.49757305,-0.55425376,-0.73448384,-0.40548387,-0.36872682,-0.94581234,-0.54497856,0.19496386,0.26636857,-1.1895807,0.6392755,-0.24664487,-0.13843045,-0.020508876,0.1640695,0.48613256,-0.5506459,0.6029619,0.04614549,0.83551466,-0.7214804,-0.44701114,-0.3897607,-0.6327961,-0.8372278,0.2266496,-0.56730783,-0.7963404,-0.09593255,0.05242633,0.34180522,-0.60800153,-0.28415027,-0.87973064,0.36983484
-0.14786862,-0.58944315,-0.20907275,-0.3790012,0.16984378,0.10061331,-0.57358813,0.52766603,-0.06946641,-0.49406472,-0.26676294,-0.33686075,-0.13249275,-0.09007106,-0.09812449,-0.27459565,-0.41866043,-0.7374681,-0.3365931,-0.24016295,-0.71473444,-0.24166064,-0.48090312,0.049236145,-1.0542488,0.3045784,0.051867656,-0.2790198,0.70849764,0.2111837,0.46469635,-0.041316874,0.24964692,-0.08798364,0.2696906,-0.20119146,-0.062558345,-0.30619174,-0.48288938,-0.12701534,0.13564514,-0.27805293,-0.6456291,0.46199077,-0.34820765,0.22586887,-0.58022225,-0.12579823,-0.8178913,0.26754937
-0.48577476,-0.6020265,-0.69593954,-0.25095224,0.3835535,0.426717,-0.77732176,-0.57843477,-0.09342774,-0.51978886,0.4755913,-0.008884986,-0.031066399,-0.24700117,-0.3556546,-0.35228294,-0.64479274,-0.6509513,-0.58382004,-0.30694535,-0.2782774,-0.041230787,-0.9269656,-0.52879775,-0.48816586,-0.12248356,-0.19229917,-0.10196304,-0.05123857,-0.3162796,-0.16344792,0.28865096,0.2082614,-0.1546454,0.41911644,-0.43069744,0.057367973,-0.42745668,-0.36166432,-0.195766,-0.31422013,0.5560859,-0.40634653,0.46100485,-0.8887493,0.19875209,-0.18288358,-0.22851308,-0.49542964,0.059718642
-0.25417864,-0.7099079,-0.5824683,-0.15162203,-0.15212587,0.12902376,-1.1039069,-0.5913651,-0.14193182,-0.62846804,-0.31808454,-0.1645957,0.013963132,-0.39134425,-0.25989506,-0.29674003,-0.2949477,-0.05328284,-0.65206444,-0.9938396,-0.2646858,-0.39191037,-0.43541542,-0.5867781,-0.5949737,-0.25041953,0.0914637,-0.16727662,-0.3693615,0.22556591,-0.11025127,0.21168871,0.5013607,-0.57607746,0.37387443,-0.6083228,-0.21521793,-0.6857939,-0.70855385,-1.0066,-0.38839725,-0.16625269,-0.9076941,-0.09455723,-0.85833967,0.28626275,-0.1307276,-0.23461458,-0.54416627,-0.046812136
-0.037711583,-0.6453573,-0.50904346,-0.6298457,-0.18942289,-0.53441894,-1.309374,0.029194394,-0.14725655,-0.8555787,-0.78725123,-0.3690219,0.23364694,-0.54332405,-0.5658443,-0.392881,-0.5775557,-0.24020685,-1.1156801,-1.2575235,-0.4712311,-0.5775506,-0.74494517,-0.8031743,-0.595091,-0.43541014,0.19621396,-0.5617592,-0.36687353,-0.27278793,-0.24538922,-0.15712889,0.45411104,-0.9922892,0.8680137,-0.398338,-0.28081486,-0.5485394,-0.884581,-1.3634539,-0.58021903,-0.9723366,-1.2593539,0.1214505,-0.635518,-0.40938377,-0.14851986,-0.0471525,-0.92303765,-0.47107792
-0.8820145,-0.041017845,-0.9558448,-0.8664924,-0.02726113,-0.5095948,-0.89155126,-0.5655521,-0.60044074,-1.070489,0.07095341,-0.20431891,-0.05177035,-0.7903856,-0.85341334,-0.6250073,-1.203265,-0.8938169,-1.3230613,-0.89669293,0.022539536,-0.40765885,-1.0885966,-1.1927108,0.053792544,-0.6534413,-0.19145557,-1.0613521,-0.3503992,-1.1335006,-1.0108993,-0.45973176,0.30675027,-0.951826,0.03760925,-0.6393004,-0.30128944,-0.81259364,-0.56645787,-0.2949563,-1.2145128,-0.2953651,-0.86555547,0.13732465,-1.117446,-1.0637575,-0.31353328,-0.4146151,-0.8848676,-0.80835277
-0.35939747,-0.23150785,-0.64552253,-0.5780657,-0.25976536,-0.57106674,-0.8181734,-0.48358873,-0.4045883,-0.8497167,-0.45906815,-0.52682424,-0.38315922,-0.7601406,-0.6182465,-0.70428,-0.77286744,-0.5784335,-1.09754,-0.70455295,-0.10682426,-0.6367672,-0.52933675,-0.82810235,-0.120109305,-0.5934387,-0.39080665,-0.8563855,-0.37642193,-0.676784,-0.6691149,-0.7297802,0.5951991,-0.80440956,0.24371533,-0.56028605,-0.47880545,-0.8403361,-0.54308915,-0.79101795,-0.9183054,-0.43134645,-0.96278137,-0.45052427,-0.8936874,-1.00564,-0.3154943,-0.3976956,-0.7895077,-0.5424522
-0.0057704826,-0.41556826,-0.24806139,-0.8556084,-0.4032421,-0.7118581,-1.1069176,-0.347499,-0.51402086,-1.0050142,-0.9769941,-0.88646054,0.0104461815,-0.6861881,-0.7161635,-0.68746376,-0.8584993,-0.6429752,-0.7922021,-0.5778794,-0.6151406,-0.8475701,-0.6605575,-0.27493194,-0.60708725,-0.3115178,-0.2862541,-0.47974655,-0.57263476,-0.2592682,-0.2216708,-0.75881827,0.39495283,-0.79464555,0.5974423,-0.545664,-0.44367263,-0.3553218,-0.6003467,-0.8310904,-0.4680613,-1.164268,-1.4288651,-0.52808887,-0.59347546,-0.5820719,-0.43706605,-0.3954122,-1.244589,-0.34351012
-0.45562768,-0.6125727,-0.2815531,-0.9477724,-0.7164714,-0.6175769,-1.0945321,-0.78720087,-0.72321576,-1.1821058,-1.0232476,-0.8226746,-0.1477538,-0.72536784,-0.86025923,-0.6653454,-0.7535257,-0.71174914,-0.7434114,-0.7024952,-0.9323268,-0.84585583,-1.3052256,-0.43793303,-0.9593199,-0.1841297,-0.26903957,-0.7084871,-0.28651908,-0.7380217,-0.5152304,-0.9198605,0.5876526,-1.135366,-0.27119106,-0.8292867,-0.6402939,-0.47540236,-0.8760718,-0.99768275,-0.47684768,-1.1344959,-1.4157608,-0.054383047,-0.709922,-0.41648307,-0.9676518,-0.3848812,-1.3323735,-0.24264607
-1.1839477,-0.009655002,-0.82083917,-0.6903544,-0.43030253,-0.10122971,-0.8683769,-1.1342237,-0.80036324,-1.1071962,0.010626054,-0.5537116,-0.3232664,-0.7137467,-0.9393812,-0.74082345,-1.0369372,-0.74324673,-1.2597169,-0.47374576,-0.5621738,-0.6205974,-1.4391835,-0.68953854,-0.35600162,-0.5092524,-0.6638137,-0.91129476,-0.17530046,-1.1499959,-0.95908827,-0.41696864,0.23057641,-1.2442311,-0.31640047,-0.4924015,-0.6841382,-0.93492913,-0.53030413,-0.5745277,-0.8426863,-0.25788534,-0.89926195,-0.38238803,-1.362343,-0.36606237,-0.4646895,-0.6111733,-0.86272645,-0.0025017012
-1.1781217,0.046641085,-0.8712373,-0.591563,0.13203584,0.075957306,-0.8027086,-0.43289143,-0.518703,-1.1434932,0.18678494,-0.3325702,-0.32215688,-0.3414188,-0.81461996,-0.21811706,-0.63219476,-0.08130787,-1.0879487,-0.26435393,-0.13027555,-0.36477187,-1.5552108,-0.42752266,0.07766775,-0.72350085,-0.13852026,-0.49207574,0.13616548,-0.83986163,-0.61371756,0.12780724,-0.06499832,-0.61819494,0.054136008,-0.031480134,-0.2516288,-0.7085026,-0.07431836,-0.77637607,-0.3955828,0.06841,-0.45280138,-0.4050642,-1.3221936,-0.09052681,0.051584546,-0.32006055,-0.5031677,-0.16501752
-1.256948,0.00059415394,-0.68736356,-0.6431274,-0.20299871,-0.0469865,-0.8900458,-0.41098374,-0.49816906,-1.1078314,-0.4713522,-0.5282186,-0.15694393,-0.514709,-0.7320543,-0.36098996,-1.0072932,-0.71796185,-0.76586765,-0.42488527,-0.30092296,-0.40226892,-1.410861,-0.56555694,-0.2849773,-0.420853,-0.2019741,-0.5560368,-0.21830186,-0.98952734,-0.33768186,-0.25629506,0.28557685,-0.63754034,-0.271539,-0.2460877,-0.45411858,-0.55812854,-0.32606095,-0.7389458,-0.4503541,-0.37950978,-0.8365879,-0.4014022,-1.4064544,0.34130728,-0.32196185,-0.24729173,-0.60457504,0.1627622
-0.7686024,-1.0801507,-0.4488604,-1.0589296,-1.2589934,-0.67047524,-1.6787723,-0.4876845,-0.89957476,-1.4121542,-1.4999316,-0.84523565,0.10383379,-0.7756253,-0.93220335,-1.0590061,-1.3126292,-0.13814472,-0.618182,-0.95210963,-0.7703729,-0.65704846,-1.2391397,-0.30502644,-1.0805731,-0.36199826,-0.5353902,-0.4402879,-0.72809875,-0.7796374,-0.47559106,-0.49662486,0.2279808,-1.0078965,-0.09560513,-1.3683683,-0.951951,-0.8227522,-0.79696965,-1.0477734,-0.40370926,-1.402525,-1.4058379,-0.59202456,-1.1613427,0.326127,-0.5613131,-0.46190485,-1.1712726,-0.14417002
-1.4291006,-0.524065,-0.7227631,-0.77263117,-0.5160455,-0.30178392,-0.9919811,-0.8451134,-0.8243552,-1.0988994,-0.42457116,-0.45998126,-0.2710983,-0.44314116,-0.8489324,-0.9463608,-1.2057616,-0.20328325,-0.818328,-0.4404862,-0.24980082,-0.24302627,-1.56943,-0.31842044,-0.32778546,-0.45641103,-0.598185,-0.6288155,-0.22109242,-0.7101197,-0.68704635,-0.14989772,0.15437853,-0.6341138,-0.4963247,-0.68839234,-0.62896115,-0.8162152,-0.29244727,-0.36626655,-0.47657883,-0.23126815,-0.42576945,-0.7547097,-1.4665514,-0.060009755,-0.46817002,-0.39250496,-0.291412,-0.01728448
-0.8894496,-0.3952185,-0.49984407,-0.775864,-0.5129983,-0.25639445,-0.9539806,-0.3942672,-0.2345333,-0.91484743,-0.36030614,-0.43389836,-0.46601692,-0.15837897,-0.5717359,-0.61006236,-0.8487136,0.26058128,-0.5351753,-0.16524513,-0.2221724,-0.18382421,-1.2453794,0.0641284,-0.1972051,-0.45641103,0.010927137,-0.23737621,-0.13724136,-0.5435921,-0.116391435,-0.084562056,0.28220016,-0.5281596,0.19038391,-0.35623047,-0.39716792,-0.47016364,0.044345472,-0.2859015,-0.081655934,-0.38468146,-0.33214778,-0.8403606,-1.1148305,0.23170197,-0.20928624,-0.24690492,-0.42959127,0.109222
-0.7380484,-0.3198246,-0.43255848,-0.5558127,-0.5104984,-0.32954994,-1.0276093,-0.7430759,-0.4185428,-0.8288092,-0.8529481,-0.22918615,0.17911328,-0.28400758,-0.47377738,-0.37993744,-0.5375234,0.4904517,-0.33398676,-0.55708617,-0.16292925,-0.29531297,-0.98423696,-0.17311439,-0.14152072,-0.2354841,-0.11255347,-0.04931682,-0.16222185,-0.29124546,-0.28551763,-0.08668887,0.3916122,-0.8364837,0.028519532,-0.43268222,-0.6749964,-0.7941442,-0.044811152,-0.84721845,-0.22821379,-0.7341595,-0.28762856,-0.22058937,-0.8541432,0.39669323,-0.08089631,0.008784166,-0.25824896,0.4313729
-1.0555174,0.33480576,-0.6108975,-0.137559,-0.30226278,-0.18895467,-0.5007577,-0.73490816,0.022002798,-0.6008913,0.041750595,0.4541175,0.11005125,-0.7059591,-0.23554026,-0.12759016,-0.12666853,-0.018421104,-0.43027538,-0.3156072,0.26733628,0.2494477,-1.0798051,-0.38979477,0.41577762,-0.3798164,-0.02549226,-0.26557213,0.4787982,-0.33003652,-0.45994177,0.38067105,0.19957334,-0.9644043,-0.10225932,-0.33407128,-0.49054247,-0.30270684,0.35135585,0.26922297,-0.4774098,-0.03118985,0.39001614,-0.39937237,-1.0365618,-0.11003211,0.11902627,0.08723026,0.16142592,0.06546118
-0.5655073,0.5696663,-0.33455798,0.027344769,0.1578372,-0.38732344,-0.025843058,0.12084955,0.29038185,-0.41199628,0.09593594,0.49251783,0.40936887,-0.5438674,0.068334475,0.26191202,0.022182776,0.56687623,-0.20110515,-0.26236793,0.594467,0.6357793,-0.771412,-0.15952666,0.4596124,-0.7425451,0.7364416,-0.22046907,0.31859362,0.29131016,-0.029206535,0.4171104,0.27386057,-0.44569713,0.19497226,0.063713975,0.22443801,-0.253144,0.6418769,0.5451889,-0.06855579,-0.12507889,0.47482738,-0.3856109,-0.54175174,-0.5555242,0.35976714,0.6625806,0.4247794,-0.38873026
-0.031774644,0.57240367,-0.29606047,-0.024623763,0.3564566,-0.20293574,0.23505093,-0.037433594,0.36401013,-0.29165924,-0.03728539,0.69554955,0.5644078,-0.12505509,0.20587471,0.40283558,0.00074612186,0.20293057,0.10185575,-0.24671917,0.5294353,0.54301727,-0.4239333,-0.5265374,0.43696907,-0.53510576,0.6421308,-0.028430002,0.58857113,0.32628462,-0.21759547,0.4171955,0.47396263,-0.60090107,0.46968615,0.3355536,0.08478045,0.055575974,0.5413323,0.2633057,-0.1679678,-0.06198034,0.5273561,0.24304184,-0.46135563,-0.3510955,0.28646827,0.56402075,0.5870506,-0.14335506
0.1616105,0.20112112,-0.19010736,-0.027991345,0.07191172,-0.02381546,0.5160172,-0.014811512,0.15860988,-0.28168187,-0.16722848,0.49321502,0.43430156,-0.07491835,0.35619396,0.04428878,-0.101042114,0.011177459,-0.004753963,-0.33625686,-0.0038802775,0.4895829,-0.27608088,-0.49237436,0.2546493,-0.5909212,0.24755436,0.0807641,0.2333305,0.6331198,-0.29763496,0.13152207,0.35982803,-0.7220115,0.66236424,-0.12629738,0.04405297,0.4643555,0.33448553,0.45285165,-0.20180576,-0.1724028,0.45520422,0.08195568,-0.44872722,-0.37939313,0.073363826,0.3870523,0.45599166,-0.18082373
-0.0988565,0.5818889,-0.3794969,0.028233811,0.661274,0.2867101,1.015315,0.779938,0.04547449,-0.07913081,0.060082424,0.4214022,-0.3457079,0.3486933,0.19039884,-0.10830478,-0.04304549,0.10208926,0.03352795,0.4494591,0.30189833,0.5192057,-0.26111934,-0.47139862,0.5521655,-0.93973196,-0.08982924,-0.0011444832,-0.01028806,0.23768407,-0.2401728,0.4820491,0.14733674,-0.12915581,0.43452328,-0.24277136,0.18865313,-0.010249668,0.45289534,-0.09996093,-0.04958991,0.45051563,0.44806245,0.069685526,-0.5764164,-0.8553169,0.1890784,0.014448954,0.2769438,-0.31036258
0.18391563,0.19880816,-0.07803393,-0.06514251,0.48477003,0.1945583,0.8998539,0.5567176,0.08470618,-0.025591804,-0.07393021,-0.21368659,-0.07969662,0.32140636,0.31686118,-0.054555256,0.12841904,-0.115762666,0.3205172,0.38691193,-0.4043122,0.13333902,0.07316074,-0.3288954,0.13602121,-0.62745756,0.11743048,-0.06617194,0.20962761,0.5353552,0.05088729,0.08237853,0.072797164,0.055372443,0.90351355,0.24141468,0.21461804,0.4818938,0.05310873,0.26380107,0.19256723,-0.16034219,-0.036465283,-0.08029867,-0.19746731,-0.583082,-0.05680534,0.15892601,0.15674408,-0.2229736
0.72029305,-0.14552528,0.16436051,-0.48533598,-0.5010829,0.017595422,0.37021947,0.09036927,-0.1699938,-0.41965795,-0.95359415,-0.39817965,-0.14526263,-0.0038938227,0.094556324,-0.4641745,-0.096852355,0.0310907,0.55212694,0.14567222,-1.0473568,-0.49492922,-0.052933674,-0.1626136,-0.64248943,-0.39152998,-0.2956522,0.123135984,0.047372144,0.6867459,-0.030483471,-0.46041232,0.47312146,-0.3183996,0.89797926,-0.61249334,-0.38320085,0.557878,-0.50528437,-0.40521058,0.11518839,-0.85538465,-0.66215974,0.086023636,0.20461103,-0.5250925,-0.32200083,-0.17040533,-0.42699024,-0.24844547
-0.05981327,0.34520346,-0.1768278,-0.3658272,0.09132661,0.362023,0.8322696,-0.3087081,-0.21326496,-0.28061002,-0.0075362087,-0.1543878,-0.29686832,-0.021732964,0.07298138,-0.36865732,-0.35148078,-0.26218194,0.09345291,0.71393263,-0.6261029,-0.28193256,-0.009696001,-0.44273782,-0.22621319,-0.42732283,-0.5389491,-0.12547697,0.1476639,0.18550268,-0.42329097,0.2291853,0.29570693,-0.13751271,0.29198,-0.57156664,-0.2657132,0.2511624,-0.20011556,0.049732763,-0.25275213,0.22342077,0.13484813,-0.1658252,-0.2455996,-0.69580305,-0.17102641,-0.54745066,0.19283326,-0.30930126
0.28199533,-0.014280915,0.12238728,-0.26038146,-0.0011313186,0.0850352,0.57502514,0.64051455,0.048871305,-0.09335583,-0.17468932,-0.21102288,-0.08631183,0.21343581,0.06148858,0.014451034,0.026745599,0.013944694,0.2559634,0.7652577,-0.82660514,-0.28264445,0.30774367,0.015525143,-0.57589406,-0.43743196,-0.060554005,0.070541784,0.597279,0.12312221,-0.06444456,0.07744432,0.172716,0.2143037,0.56277966,-0.06328687,0.08569333,0.29847032,-0.17302144,0.3231116,0.1620654,0.00077874784,0.008521174,-0.27368823,0.0123551255,-0.5842486,-0.067597575,-0.06052839,0.5357455,-0.1619662
0.7126546,-0.34494883,0.36170268,-0.5165063,-0.64536256,-0.027177643,-0.0036723143,0.045291793,-0.2157437,-0.035000164,-0.84437567,-0.54843783,0.33584785,0.1463051,0.03406351,-0.10362639,0.22251649,-0.07357589,0.5462262,0.41373494,-1.1049037,-0.7863196,0.25014755,0.08737736,-1.0775374,-0.01177877,-0.5506012,0.35229272,0.09881244,0.17601515,0.08134359,-0.3109116,0.52547824,-0.12520294,0.6187097,-0.39102694,-0.40533167,0.53621703,-0.5565939,0.48956636,0.22547644,-0.7297267,-0.53316295,0.19036551,0.3335103,-0.21206862,-0.32223457,-0.55115646,-0.016679052,0.0005875208
0.2463922,-0.35992998,0.22577138,-0.34818107,-0.45632285,-0.014821622,0.3508771,-0.24722366,-0.041955266,0.030646648,-0.40667266,-0.42928603,-0.067157015,-0.025053278,0.02024725,-0.2936991,-0.10204651,-0.40423334,0.14318186,0.4209372,-0.77230245,-0.33924598,0.42534828,0.10318666,-0.80257654,0.011361361,-0.45665944,0.20540872,0.03032624,-0.3516422,-0.01757826,-0.3370572,0.36709812,-0.045662124,0.115763426,-0.36507407,-0.120043695,0.35267967,-0.37135893,-0.63584733,0.15580861,0.12719548,0.039580073,-0.31692788,0.16863868,-0.27701518,-0.2433253,-0.49317348,0.36993033,0.08818497
0.3590276,-0.42528692,0.42018563,-0.40898615,-0.12243787,-0.0687006,0.18785827,0.22067247,0.21152064,-0.005412124,0.10362287,-0.29799563,0.077058904,-0.18445852,0.056509744,-0.08335336,-0.25589108,-0.2355948,0.336468,0.62365323,-0.5140626,-0.18337384,0.44416037,0.4077223,-0.7786573,0.035297178,-0.0021617014,0.0291323,0.26221102,-0.110831544,0.25373006,-0.16966291,0.3908311,0.13668561,0.5200928,0.011431333,0.32537645,0.61825997,-0.17482065,-0.4698329,0.31811842,-0.011960768,-0.1411222,-0.30859312,0.21152054,-0.056965165,-0.145364,-0.0897008,0.23835114,0.2710745
0.7327588,-0.6914679,0.4471792,-0.455809,-0.59584,-0.1799328,-0.3693071,0.108705066,-0.009333593,-0.35071623,-0.55055773,-0.38155383,-0.13847993,0.05931288,0.0097502135,-0.29603827,0.08172904,0.29229596,0.49904102,0.13736929,-0.50199765,-0.50106007,0.19243547,0.15553558,-1.1108277,0.21946602,-0.2420842,-0.013213579,-0.35083628,-0.2759576,0.11628276,-0.5566577,0.59494674,-0.3391844,0.31732464,-0.13863318,-0.06864856,0.2285448,-0.47222108,-0.21921498,0.07153754,-0.30894324,-0.40946132,-0.0423283,0.1772658,0.08403927,-0.12306525,-0.1227662,-0.13366,0.38404906
0.05335847,-0.78152466,0.19584987,-0.1855942,-0.7742416,-0.06107965,-0.41118518,-0.72152543,-0.075280786,-0.9548363,-0.17670526,-0.42047256,0.34281898,0.15376072,-0.06953769,-0.21133338,-0.10824506,0.4286501,-0.13532114,-0.005814446,-0.4473133,-0.43626472,0.03497983,-0.0390066,-0.96669656,-0.21010038,-0.11248756,-0.25519374,-0.1014685,-0.03471572,-0.23900454,-0.9425465,0.7727939,-0.68342805,0.60369426,0.015551637,-0.25325894,-0.321384,-0.6031831,-0.2922316,-0.22017284,-0.15483105,-0.5003909,-0.32904062,-0.1545269,0.10414211,-0.11857173,-0.19050659,-0.17856015,0.5413909
-0.06488094,-0.41039065,-0.002625688,-0.06915667,-0.34632948,0.08130878,-0.23760559,0.24689028,0.03289709,-1.5309166,0.2499572,-0.29381236,0.44646433,-0.035316065,0.014687555,0.04392491,-0.10724067,0.28014186,0.011572147,0.41131824,-0.11081055,-0.27007762,-0.33701724,-0.085853264,-0.81128776,-0.5630852,0.21855593,0.01667304,-0.15237087,-0.34594968,-0.037791897,-0.6188173,0.5838073,-0.2993549,0.49745545,0.6631681,0.24469091,-0.9587994,-0.30451262,-0.12696029,-0.2595344,0.06521514,-0.39731362,-0.35141024,-0.439983,0.22569814,0.024506556,-0.067166425,-0.04997213,0.18952282
0.38149917,-0.5837775,0.23850313,-0.09189459,-0.8241474,-0.05399105,-0.6729915,-0.14742455,-0.035069827,-1.0135757,-0.33654824,-0.33598474,0.03690705,-0.11977278,-0.07302287,0.27917007,-0.17611346,-0.23402126,0.17635535,0.14098237,-0.2703048,-0.640777,-0.35977268,-0.061571013,-1.106868,-0.07209442,-0.13427593,-0.06622396,-0.061694734,-0.093344316,0.016029634,-0.61867553,0.5564212,-0.63287854,0.35904384,0.24656506,-0.23044997,-0.7385227,-0.39692903,0.24797577,-0.2793068,-0.34171057,-0.5772595,-0.011126817,-0.31609994,0.5444413,0.012454577,-0.105547234,-0.037844867,0.5239169
-0.07361064,0.0055171438,0.14624515,-0.06393018,-0.8392742,-0.17427313,-0.41798237,-0.5378579,-0.41156554,-0.49063748,-0.17470816,-0.115111515,-0.016893925,-0.09327064,-0.22309318,-0.11971486,-0.5157711,-0.7887976,-0.5882404,0.23528169,-0.04162287,-0.43482643,-0.56132424,-0.14254199,-0.9716388,0.06392885,-0.3721422,-0.49886462,-0.057761066,-0.682304,-0.2673145,-0.28567344,0.4990535,-0.7398317,-0.18300124,-0.3242981,-0.31210056,-0.0860972,-0.19313036,-0.3395424,-0.47447693,0.03033123,-0.15117852,-0.29756573,-0.60157555,0.103444986,0.15174064,-0.2872447,0.41245705,0.5586375
-0.22005513,-0.13264488,0.010521642,-0.090197325,-0.3333558,-0.31528866,-0.47318113,0.13077946,-0.3618374,-0.6719106,0.24117751,0.05062833,0.36195284,-0.12750006,-0.20641409,-0.031241266,-0.5378678,-0.46863937,-0.6525857,0.3572654,0.07404333,-0.14318909,-0.69382083,-0.055048387,-0.880039,-0.24542366,0.119513094,-0.696366,0.32609114,-0.4713144,0.15733492,-0.03377378,0.3124582,-0.43306512,0.1215043,0.07620051,0.11367962,-0.3212018,0.10005778,-0.55584,-0.42667118,0.21753024,0.044274505,-0.15846808,-0.7537993,-0.45010164,0.26763704,-0.22052747,0.22667906,0.39759994
0.24404332,-0.54519993,0.13379675,-0.06255621,-0.95902973,-0.40511498,-0.94027215,-0.078748666,-0.43675095,-0.8989022,-0.56442434,-0.26724678,0.47164822,-0.28464144,-0.2357892,0.086862154,-0.0074612186,-0.20537224,-0.13179737,-0.15064919,-0.3584062,-0.577478,-0.28037217,-0.11433325,-1.2014743,-0.027614238,-0.2977612,-0.45017207,-0.02060974,-0.50104916,0.016192647,-0.43965465,0.5530085,-0.92603564,0.36762252,-0.07099988,-0.43655217,-0.31840023,-0.37275597,-0.01918303,-0.46087575,-0.5252754,-0.6361067,0.1094289,-0.5843409,-0.09064063,0.035688404,-0.3425575,-0.10586159,0.4355803
0.20997527,-0.6428534,0.17901902,-0.09782153,-1.2149085,-0.4216457,-0.7258865,-0.75810176,-0.6661431,-0.5254259,-0.65218353,-0.42574635,-0.12424466,-0.5111472,-0.4332414,0.061598834,-0.1613058,-0.6221938,-0.4414305,-0.08113904,-0.40802285,-0.5528528,-0.16775474,-0.028040837,-1.2728066,-0.10210876,-0.37273532,-0.5534356,-0.33184034,-0.7485873,-0.15138493,-0.5872838,0.40138176,-0.8843049,0.051222082,-0.31635898,-0.5097521,-0.21957065,-0.54495186,-0.6612779,-0.34006605,-0.33985355,-0.6479652,-0.22841874,-0.5506326,-0.27239138,-0.043545566,-0.47508112,-0.21676266,0.42242742
-0.062328607,-0.34165975,0.0057614017,-0.34168836,-0.49128425,-0.4160421,-0.51291513,-0.011334854,-0.3888589,-0.378981,0.22859205,-0.3146572,0.50775975,-0.44516352,-0.28503814,-0.023443945,-0.3457127,-0.6592259,-0.34693506,0.20381668,-0.04306472,-0.26584995,-0.24409336,-0.023274798,-0.90439814,0.0061567877,-0.061213057,-0.45381358,-0.10503235,-0.501006,-0.085663445,-0.3201278,0.20600227,-0.3890357,0.26374316,0.0090194475,-0.08952743,-0.19813746,-0.18081099,-0.7000843,-0.18737361,0.1621393,-0.34905666,-0.2506061,-0.43791407,-0.32170236,-0.11851978,-0.317877,-0.40985602,0.1228487
0.09334495,-0.4717158,0.049038026,-0.5657538,-0.8351321,-0.47650534,-0.8233055,-0.035314262,-0.4704437,-0.5142973,-0.59927934,-0.51777834,-0.13226247,-0.30921176,-0.2874031,-0.1306831,0.041180186,-0.49362588,0.0626147,-0.20190246,-0.24373657,-0.5283294,0.03966546,-0.14188327,-1.0745456,0.4618504,-0.30888605,-0.360018,-0.104124576,-0.4766619,-0.06477059,-0.51310056,0.26924616,-0.54727954,-0.33699366,0.018566495,-0.25158966,-0.31480145,-0.39593416,-0.7315698,-0.33765864,-0.26878783,-0.56747013,-0.10254402,-0.27501377,-0.1692167,-0.31483197,-0.32677343,-0.28461683,0.09324523
0.17361385,-0.8196566,0.31351468,-0.72039324,-1.2552527,-0.5555166,-0.8761093,-0.65418303,-0.7758817,-0.30184832,-1.2469223,-0.552049,-0.08363225,-0.520263,-0.21861222,-0.5624467,-0.13404366,-0.21193764,0.23951218,-0.30187267,-0.4782283,-0.7889782,0.084178925,0.006160976,-1.1643564,0.2746162,-0.68595797,-0.2011169,-0.18518507,-0.09388337,-0.2634022,-0.7829505,0.30631766,-1.0124187,-0.27639917,-0.40361398,-0.9745122,-0.14042045,-0.5963249,-0.33599204,-0.29475322,-0.601413,-0.89105225,-0.20469864,0.0032790855,0.22794603,-0.23763697,-0.54867345,-0.6189782,0.31597245
-0.16658568,0.44287813,-0.11853375,-0.7026663,0.019013451,-0.12899573,-0.43041348,0.7508865,-0.37475142,-0.28192005,0.6279546,-0.059423927,-0.024953604,-0.3015147,-0.24661815,-0.49507788,0.028696993,-0.1880092,0.0036905766,0.16242166,0.2542324,-0.14002195,-0.32159176,-0.13409486,-0.101836264,0.15701114,-0.1697463,-0.35135633,0.57142437,-0.12443752,-0.26019627,-0.08280389,-0.17097358,-0.39370826,-0.35086745,0.062055808,-0.39359465,-0.34176946,0.19253767,0.058209628,-0.098324396,0.40546805,0.0074754944,0.045095507,-0.4251881,0.25504857,-0.041662443,-0.36776206,0.18359964,0.3621402
0.005992424,0.23216566,-0.090085655,-0.22692117,-0.15385933,0.13586019,-0.4142188,0.044601224,-0.06092847,-0.1392861,0.2647847,0.13947819,-0.4310777,-0.08258526,-0.028462324,-0.14183326,0.20966023,0.24378797,0.6846124,-0.082718275,0.43537563,-0.17622602,-0.08691607,-0.024333918,0.100971006,0.27341616,0.09848923,0.25306085,0.042497084,0.1736864,-0.42437774,0.38120982,-0.2555351,-0.0912598,-0.2337123,0.42416525,-0.09577413,-0.47995776,0.09542214,0.3410011,-0.03421679,0.34033278,0.092776224,0.022237064,-0.1926853,0.47418806,0.24164997,-0.1490563,0.46142128,0.041334927
0.7030556,0.040657107,0.48652676,0.4082318,-0.4878538,0.4134644,-0.30683213,-0.07162866,0.30663148,0.3009088,-0.36324525,0.29908612,-0.2709727,0.19674368,0.30117786,0.1266025,0.821021,0.7446575,0.42024618,-0.33671147,0.22707045,-0.40181854,0.64564234,0.28634977,0.049510255,0.48499054,0.19887653,0.7588444,-0.031435736,0.87854487,-0.111310855,0.05748065,-0.14937958,-0.044716872,0.19749478,0.5407146,-0.32139888,0.20790881,0.09942276,0.6533515,0.23384733,-0.22477858,-0.119652405,0.050613347,0.6385238,0.9435958,0.34475413,0.026851596,0.35715282,0.5459584
-0.03859935,0.99943066,-0.026332438,0.74291563,1.0705011,1.326353,0.84618336,1.1976131,0.57699966,0.2596761,1.6060414,1.0440484,-0.098977044,1.0250111,0.5854692,0.73851025,0.62404484,-0.16793318,0.06847375,0.39964148,1.1395082,0.53601474,-0.36172116,0.11368745,1.3881497,0.09052566,0.45311373,0.4427329,0.68556803,0.37654695,0.09408579,0.8957566,-0.3821911,0.82629,0.90673196,1.2099124,0.66516334,0.37399897,0.87884474,0.25094816,0.23520379,1.1912047,1.0749806,0.4412533,0.15677151,0.4168103,0.9495608,0.56907415,0.93272644,0.69670486
0.020400135,0.30645612,0.004628011,1.0322313,0.7683478,1.0395309,0.6359947,-0.11808728,0.1827854,0.58669275,0.49718252,0.9409683,-0.98514396,1.0332212,0.16359612,0.30279595,0.11955167,-0.017281653,-0.06532529,0.30830923,0.9890043,0.5835071,0.27248546,0.22486916,1.2696536,0.25649804,0.37069225,1.1358476,-1.2708443,0.1961546,-0.339475,0.27016187,-0.54405606,0.8081691,-0.053527128,0.5758377,0.32059035,0.066212855,0.6680397,0.70390993,0.11918442,0.80276924,0.92068726,0.5709474,0.6609114,0.8653754,0.7202096,0.5246917,0.2043753,0.15315339
1.1980594,0.7451964,0.10882437,1.5182947,0.94990623,0.9398701,0.90092593,-0.20476557,0.71418816,1.6567054,0.9641637,0.90101266,-0.65733486,1.839152,0.9473473,0.40839767,0.9556099,0.49902472,0.943203,0.378609,1.2283942,0.5617586,1.3329219,0.807992,1.650117,-0.08027304,0.43626827,1.5789706,-0.18595836,1.054711,0.56326497,0.52957624,-1.0160239,0.9231247,-1.1130773,0.7261786,0.3806187,1.0243746,0.60449547,0.8375581,0.81626606,0.8711792,0.94024366,-0.087730356,1.0817664,1.5327243,0.82427484,0.926118,0.078453325,0.7406173
1.1591086,0.15307952,0.16998968,1.5147655,0.6281008,0.6044924,0.4641942,-0.32878223,0.68967605,1.3855038,0.387493,0.84816754,-0.1997335,1.8476037,0.79445565,0.25468647,0.9021474,0.8096604,0.945017,-0.065538146,0.7736595,0.34358987,1.2683204,0.84702444,1.3346945,-0.16164178,0.4337902,1.2803905,-0.20579481,1.0595194,0.5907056,0.22116011,-1.3726314,0.5421021,-2.2282422,0.4522788,0.026277896,1.0571963,0.31012195,0.8723738,0.81454295,0.050658546,0.4697325,0.43601716,1.1970029,1.2192452,0.3592217,0.7289859,0.006014863,0.5319148
0.22987604,0.406274,-0.46618238,1.5482258,1.1603497,0.5489604,1.0841311,-0.772056,0.40109968,1.3564317,1.2774439,0.9261123,-0.092340894,1.1627135,0.73080957,0.08901941,0.6759864,0.32135195,0.17635535,0.06008261,1.1529301,0.6797123,1.1226021,-0.06881694,1.7951281,-0.24680632,-0.07475006,0.59011114,0.5566311,0.6290014,-0.26606473,0.3449406,-0.9332168,0.5967871,-1.7715925,-0.008918952,-0.033580936,0.31411815,0.6248796,0.671929,0.086043015,1.1664445,1.0746024,0.09944541,0.4260664,0.5567904,0.39353347,0.40880057,0.08014399,0.0896443
0.23620138,0.72985446,-0.72357535,1.1443315,1.8604352,0.12851943,1.0527681,0.28053766,0.393541,1.3928875,1.1845602,0.53002423,-0.30825654,0.37585953,0.5341042,0.31511572,0.6775934,-0.035919797,0.09330695,0.14181985,1.0803498,0.792218,0.88639545,-0.37182847,2.0106356,-0.4391668,0.123836495,0.098893754,0.09787105,0.33635435,-0.25995174,0.5583308,-1.7793727,0.83877164,-1.7201095,0.5105158,0.15169454,0.2119859,0.780819,0.09786924,-0.19700319,1.0433425,0.8453983,0.4572103,0.5125133,-0.23030771,0.31876704,0.46139327,-0.16753832,-0.45314908
0.62424785,-0.7102474,-0.63235635,0.93284726,0.047752596,-0.6676174,-0.1757921,-1.2933165,-0.016892273,1.0205493,-0.82762647,-0.31758907,-0.6130171,-0.41808787,-0.020662153,0.008836963,0.7260339,0.5889327,0.22399923,-1.1894251,-0.29471028,-0.066466115,0.73545796,-0.45069414,0.5648657,-0.66497225,-0.0985815,0.11000044,-0.83514833,0.0075684576,-0.5829081,-0.5379134,-1.6711863,0.026617441,-1.9135486,-0.38615292,-0.6191672,-0.07641696,-0.34246558,-0.41310945,-0.39272323,-0.97018003,-0.28482524,0.3045003,0.6126815,-0.31329417,-0.2744033,0.2062033,-0.8868184,-0.8871563
-0.13636464,-0.17595445,-1.1318793,0.40715417,0.3777692,-0.7571635,0.40990785,-0.6930454,-0.019952469,0.98748106,0.26216587,-0.08075147,-0.5428874,-0.75721264,-0.15886624,-0.4118025,0.11131564,-0.1675805,-0.09470395,-1.2200048,-0.009902129,0.12340179,0.53543735,-0.86862016,1.1280302,-0.7264488,-0.8205107,-0.22247192,-0.5179332,-0.38633636,-0.8604109,-0.64547336,-1.9072784,-0.088552944,-2.1668646,-0.74552387,-0.52733153,-0.87687045,-0.20602123,-0.62571913,-0.60285103,-0.055890135,0.032327063,-0.33463302,0.0766291,-0.46925125,-0.37842953,-0.07140878,-0.7776405,-1.6655834
-0.23314968,-0.15180634,-1.2100455,0.23443761,0.56091505,-0.9632373,0.07098287,-0.84761375,0.09275449,0.8449662,0.28187305,-0.6128316,-1.1857358,-1.1722217,-0.49721938,-0.36709785,-0.07004936,-0.03648952,0.2593829,-1.3431132,-0.07111722,0.07595298,0.6021959,-0.67778486,1.0610535,-1.001652,-0.45031932,-0.36111045,-1.4646027,-0.023050373,-0.70590156,-1.0438395,-2.528746,0.046961848,-2.3686543,-0.4940848,-0.18500161,-0.708457,-0.20269796,0.041806348,-0.3783644,-0.43134645,-0.12479181,-0.34715173,-0.16668685,-0.28030163,-0.81062543,0.054152384,-0.9102276,-1.9345542
