0,1,2,3,4,5,6,7,8,9,10,11,12,13,14,15,16,17,18,19,20,21,22,23,24,25,26,27,28,29,30,31,32,33,34,35,36,37,38,39,40,41,42,43,44,45,46,47,48,49
1.5317124,0.14462684,2.2118044,1.3484569,0.18233767,0.68476313,0.9943604,1.1336464,2.0421972,2.6647997,0.2195327,-0.356917,0.2183995,0.19659491,0.7559861,1.5937146,0.95890266,0.08381381,0.87220484,0.68039507,-0.16840859,2.2454648,1.4699901,2.0917454,0.47238135,0.95732594,1.1311466,1.1697863,0.3184401,1.8858753,2.2377427,0.076789476,0.78028554,2.8925474,0.024317445,0.53216726,3.3141606,2.4371188,0.5418758,0.50354433,2.2893279,0.01847022,2.6150095,-0.5438119,1.7858819,0.45679122,0.06343631,2.2617984,2.2622073,0.452329
1.0220938,-0.23873892,1.1244528,0.31727952,0.08429077,0.12636282,0.3778856,0.1900875,0.7634399,1.3288299,-0.20195678,-0.5581074,-0.4012778,-0.24142161,0.005923837,0.6072476,0.2494587,-0.44606668,0.68856114,0.24888453,-0.51247436,1.045529,1.1202955,1.2910198,0.17976947,-0.107992694,0.34596384,0.58041734,-0.2974055,0.7934248,1.0160048,-0.14076191,-0.0024858895,1.6330291,-0.67768437,-0.002495261,1.664406,1.0948393,-0.15142652,-0.0791515,1.3071662,-0.4160049,1.224887,-0.7350714,1.0549763,-0.1398011,-0.45423433,0.9472678,0.9525344,-0.13648677
0.8991555,-0.14935473,0.5848046,0.06820379,0.05749313,0.00065625075,0.0755423,-0.24009034,0.07103108,0.63961875,-0.15007454,-0.61096066,-0.75437313,-0.62235594,-0.18782046,0.18226153,-0.14005244,-0.50886554,0.40460625,0.048297785,-0.4926915,0.46826875,0.8353367,0.80856186,0.17188592,-0.3563334,0.15240756,0.16865623,-0.7120599,0.25112283,0.6532544,-0.29368308,-0.11651256,1.0538707,-1.0487907,-0.39048716,0.90208477,0.38533294,-0.2297282,-0.1482986,0.95544934,-0.30722547,0.60341525,-0.54933393,0.6746393,-0.32384405,-0.5911704,0.509359,0.39846152,-0.44516858
0.62763846,0.1734592,0.19793516,-0.057596408,0.23255484,-0.12335787,-0.09381338,-0.09308452,-0.09788409,0.2884624,-0.14878546,-0.6298155,-0.2839686,-0.7409651,-0.1649465,0.10517282,-0.21877809,-0.3816018,0.3861667,0.04368754,-0.2698534,0.11435516,0.66783947,0.42475438,0.28930765,-0.37639323,-0.013946416,0.06788707,-0.6752875,0.098405145,0.60849714,-0.29086408,0.0538114,0.5966781,-1.1905575,-0.61265,0.45939955,-0.23073079,-0.33861443,-0.14686085,0.6342181,-0.22022265,0.25805268,-0.28631166,0.4320664,-0.49435326,-0.3288216,0.28058708,0.12590186,-0.5275554
0.1758088,0.23858392,0.18462804,-0.13369451,0.4122777,-0.083188415,-0.017226432,-0.013906244,-0.16296431,-0.0009848134,-0.08553708,-0.5031499,-0.20789093,-0.855975,0.033551816,0.034023046,-0.053660925,-0.26637912,0.44060594,0.06695829,-0.06066115,-0.100398324,0.41271055,0.29003537,0.30739215,-0.22190893,-0.052287716,0.11698011,-0.39874223,0.067777656,0.6318569,-0.2905446,0.2570734,0.3488908,-0.6153205,-0.4108299,0.21854985,-0.4006855,-0.2718713,-0.03134609,0.31307232,-0.028679628,0.16004308,-0.027829437,0.327035,-0.52241796,-0.19773482,0.08185123,-0.032209482,-0.46091947
-0.025617426,0.32062438,-0.08234211,-0.27754423,0.42164877,-0.4242834,-0.051075034,0.17877935,-0.22974244,-0.3031115,0.07662437,-0.5613713,-0.8374018,-1.1704946,-0.06702896,-0.13870934,-0.38778847,-0.2866936,0.10771533,0.07914251,0.15006834,-0.078145325,-0.04145134,0.24780308,0.2989431,-0.25437045,-0.09285682,0.2959983,-0.24842645,0.21105039,0.36000317,-0.1972546,0.05377087,0.20007206,-0.7967465,-0.6645993,0.15768485,-0.6517684,-0.21158934,0.120427094,0.3108083,-0.069309965,-0.14094532,0.29029718,0.32301298,-0.66532946,-0.29352188,-0.04692158,-0.18705046,-0.63830215
-0.092529126,0.111764155,-0.23736684,-0.26635277,0.21157147,-0.56392664,-0.13750419,-0.40396255,-0.45183614,-0.40711483,-0.30897862,-0.621465,-0.15485547,-1.1505573,-0.08044471,-0.20262837,-0.357194,-0.22754872,-0.0059999456,-0.07005923,0.077878036,-0.10761802,-0.07795181,0.3083252,0.08974614,-0.34178412,-0.06537225,0.026706502,-0.13285595,-0.0063612186,0.14085819,-0.34607884,-0.026912455,0.116146475,-0.94963235,-0.72503537,0.01823003,-0.4472151,-0.18871051,-0.25315002,0.10835859,-0.07649283,-0.239544,0.030139893,0.067928754,-0.73186636,-0.39112893,-0.06061677,-0.28574288,-0.598377
-0.15326685,-0.06330331,-0.2806657,-0.23773356,-0.024296531,-0.69871706,-0.2557029,-0.52609473,-0.61280584,-0.369094,-0.5563306,-0.69968456,0.24596626,-1.0789409,0.06319589,-0.28553858,-0.23938113,-0.07745252,0.022212565,-0.27119482,-0.097247034,-0.22076681,-0.31420642,0.2574668,-0.16847081,-0.21135981,-0.06927341,-0.28596294,-0.17758447,-0.20548028,0.114836544,-0.37368622,-0.043881353,-0.08316917,-0.17200455,-0.52511847,-0.07604968,-0.19999617,-0.3040314,0.017178196,-0.1672225,-0.37044087,-0.4351248,-0.20340095,-0.21418224,-0.36574322,-0.5993651,-0.30598888,-0.36155725,-0.65361464
-0.09760884,-0.2209706,-0.30050817,-0.33723196,-0.2950502,-1.1156608,-0.60090744,-1.0720159,-0.5213342,-0.5089023,-0.7490282,-0.8411126,0.0058563394,-1.355607,-0.32347137,-0.40477023,-0.48825413,-0.49476087,-0.28517473,-0.5487013,-0.21919604,-0.37702963,-0.44951612,-0.07126991,-0.54997504,-0.25654164,-0.20632328,-0.5145195,-0.42570576,-0.23202303,-0.1934134,-0.3998653,0.23733489,-0.46301204,-0.26910457,-0.8078019,-0.3570644,-0.29169858,-0.5697064,-0.20550933,-0.36446077,-0.8058696,-0.7270575,-0.49662086,-0.5235984,-0.5497387,-0.9136366,-0.48372373,-0.45138332,-0.79654163
-0.18528862,-0.21242553,-0.534886,-0.4220157,-0.3200938,-1.2775993,-0.6682872,-1.801572,-0.5943599,-0.609494,-0.8082845,-0.92950517,-0.5965256,-1.3290589,-0.5983573,-0.37319657,-0.5629143,-0.42287448,-0.61152637,-0.71966445,-0.10917824,-0.4441505,-0.8012631,-0.27194688,-0.5259474,-0.5324469,-0.3888212,-0.86972046,-0.55121595,-0.77355003,-0.27002797,-0.5207251,0.15476012,-0.5891383,-0.78692186,-0.817501,-0.36847395,-0.5017528,-0.6545089,-0.5420792,-0.6102397,-0.967541,-0.8501654,-0.62375367,-0.7078452,-0.6464851,-0.8519911,-0.47247535,-0.6226052,-0.898103
-0.09199927,-0.090469286,-0.5093525,-0.18354733,-0.2296477,-0.91698956,-0.64126974,-1.3100406,-0.41423532,-0.5121557,-0.630959,-0.8692127,-0.22330715,-1.2048373,-0.50462127,-0.2803378,-0.21013033,-0.12715012,-0.325841,-0.6867067,-0.037945736,-0.42787373,-0.45349622,-0.3508982,-0.36747795,-0.4852473,-0.29233038,-0.9447629,-0.4404409,-0.39817354,0.024195872,-0.2840797,0.09680107,-0.58946776,-0.6769205,-0.5106967,-0.30132177,-0.54931474,-0.5274441,-0.40775377,-0.63474494,-1.0018281,-0.78887177,-0.8083129,-0.76997054,-0.7793848,-0.6417403,-0.3508787,-0.4031999,-0.9648955
0.104681276,0.084636934,-0.39164853,0.11368555,0.039692998,-0.42732286,-0.25139117,-0.8355885,-0.11982477,0.056890562,-0.14089847,-0.55777603,0.25859112,-0.94337374,-0.13420726,0.15122472,0.39126825,-0.30005988,0.13703422,-0.49944302,0.25437477,-0.09546146,-0.14149481,-0.3401659,-0.066162,-0.42152786,-0.21836448,-0.6899303,0.08727731,-0.43291807,0.07054001,0.24887984,0.3031704,-0.21677421,-0.2754492,-0.21008122,0.036544263,-0.018951042,-0.29945034,-0.021551372,-0.3767419,-0.7278635,-0.32211372,-0.6586069,-0.56867546,-0.44176957,-0.17617737,-0.0024468044,-0.14236999,-0.7335068
0.7565088,0.58402973,0.51548254,0.65000856,0.18613806,0.29330954,0.399772,0.9131483,0.6555827,0.805806,0.41780242,-0.6052114,1.2125906,-0.66624856,0.53737664,0.7154906,0.98198634,0.5234624,1.2504141,0.23089635,0.46583742,0.4600283,1.0557957,0.6790464,0.1878748,-0.27811185,0.3740633,-0.017205577,0.29893133,0.4243934,0.8180184,0.7162883,-0.34251234,0.13065258,-0.59908766,0.48498285,0.8705085,0.44522414,0.00018536078,0.28106645,0.5229975,-0.8165143,0.23642041,-0.6513983,0.55943453,-0.12547591,-0.277765,0.6585881,0.20159996,-0.15477408
1.8451573,0.8454005,1.2101723,1.4309043,0.6090861,0.9748778,1.0911336,1.4325135,1.5086975,1.5660468,0.42571715,-0.018109288,2.3619657,0.687748,1.4922842,1.4316187,2.3690221,1.8217908,2.542204,0.9602341,1.100722,0.630981,2.352145,1.3912344,0.6896725,0.40315542,0.99583054,1.2559478,1.4447621,1.1103071,1.3255515,1.0466747,0.49527293,1.37209,-0.32527235,1.7125947,1.2744741,1.1797724,0.43868276,0.42812198,1.2304894,0.5669176,0.93248856,-0.7371624,1.7426418,1.0687851,0.9233205,1.4666042,0.90936553,0.34193715
2.439311,-0.318958,1.848121,1.2464902,-0.80599195,0.5931989,0.9843031,2.426139,1.502417,1.9541161,-0.24035214,0.34838426,3.0150478,0.92040074,1.8973701,0.820613,2.2527425,2.3857117,3.0115898,0.59529763,-0.08938355,0.42862538,2.430929,0.9944181,-0.22396617,1.7620673,0.38466302,1.909255,1.4637696,1.5379134,1.1107066,0.53406835,1.9603264,1.0007873,2.590784,1.3481034,0.16680688,2.1433113,0.19910395,1.0873035,0.8924775,-0.065443866,0.26969764,0.08115475,2.1965163,1.6356982,0.95967126,0.6142517,0.49093297,0.87284315
1.8114192,0.86770296,1.4727012,1.1343497,0.081789665,1.1831164,1.468548,2.2283425,1.4306606,2.1260011,0.7852335,1.720432,3.4986427,0.68988186,1.892193,0.6484007,2.0754633,2.3845,2.4568713,0.8676176,0.35064036,0.24942288,2.0850759,0.7293628,0.7133676,2.5730155,0.045039814,1.3383238,1.6361444,2.0535111,0.93604577,0.8605082,1.1990093,0.53453,2.6933374,1.7188118,-0.26462314,2.1086242,0.5722352,2.813585,0.3150444,0.75897884,1.0332245,1.5286552,1.6465173,1.4963561,1.4874053,-0.38815138,1.143393,1.4475781
2.0819688,2.289402,1.4476405,2.0189075,1.8962176,2.1635377,2.6549802,3.1480286,2.60705,2.223357,2.8233752,2.3814626,2.384716,1.2778226,2.549017,1.6339954,2.8158636,3.3793607,2.353539,2.414958,1.9315668,1.0592909,2.2833183,0.989772,2.3558195,2.6520867,0.685829,1.9936203,2.4172807,2.7793036,1.0264817,2.0577173,1.6923908,1.6425209,2.6205125,2.5435166,0.7696188,2.1383116,1.5212957,3.0671992,0.8893734,2.3673286,2.3323927,2.0961492,1.887768,2.083103,2.0121028,0.69762456,2.146727,1.6651261
2.3445587,1.5014336,1.7020465,1.3836703,1.5075705,1.7251624,2.011662,1.8322594,2.2342234,1.5423937,2.0948753,1.9020551,1.9554152,0.9666849,2.314005,1.306599,2.4739668,2.4417896,1.9040678,1.629378,1.3230516,0.8925419,2.3306775,0.9990796,1.7969074,2.2100034,1.1042063,1.8375379,2.0711794,1.8396354,1.0630485,1.5530605,2.1402023,1.2992301,1.5266517,2.329629,0.7319799,2.1463199,1.0569934,1.9719132,0.78944427,2.075982,1.1414679,1.1402445,2.041161,1.8459855,1.4791522,0.7527944,1.7563615,1.1086993
1.9991612,1.0842363,1.385276,1.105429,0.71785206,1.1513401,1.508511,2.0532472,1.8901454,1.6333307,1.6019179,1.1408685,1.0138582,0.7443954,1.9718163,0.98827887,2.3122606,2.5213246,1.998833,0.79322255,0.284729,0.36547625,1.8356466,0.6693827,1.0958033,1.7961572,0.909647,1.3065996,1.7303534,2.0693657,0.49778995,0.91630554,1.9308336,0.685679,1.9001771,1.6438975,0.1572919,1.4357959,0.49889854,2.0513792,0.6179643,1.4117073,0.45888054,0.7020666,1.8715687,2.037104,0.7562332,0.17075755,1.2191201,0.5652573
1.2504966,1.047944,0.6582472,0.8173528,1.1728274,0.98819274,1.4821593,1.9122256,1.6534466,1.4474295,1.5448515,1.0467434,0.14266846,0.6165583,1.4204265,0.87018806,1.4213341,1.8931282,1.1789397,0.8262763,0.6452076,0.49009487,1.1379218,0.090519905,1.2517446,1.3033581,0.82569635,0.88293266,1.7773052,1.3440093,0.66263926,1.0672534,1.8272098,0.34984246,2.1153631,1.2992978,0.7087117,1.3337109,0.45392206,1.1877068,0.18148284,1.4265083,0.36858404,1.2573614,1.0062808,1.6896749,0.65661156,0.52997094,1.1221575,0.562533
1.554957,1.3201851,0.97763526,1.230061,0.8109617,1.3137276,1.215723,0.7967873,1.7107462,1.7417481,1.5121393,1.2808883,0.30941904,0.5710955,1.3598441,1.0301534,1.4453307,1.6310467,1.228698,0.749288,0.661171,0.13913228,1.2152772,0.18910839,1.1184893,1.6780167,0.8906553,1.0737824,1.6453648,1.8099766,0.74978197,1.0746204,1.9536119,0.35927325,2.4898434,1.6217363,0.44617963,1.8071625,0.31343183,1.4357198,0.37721178,0.99317336,0.41191706,1.1532408,1.0013263,1.9358463,0.7379167,0.54691696,1.3138155,1.044485
1.3420236,1.3861817,0.67660356,1.2715675,1.2528955,1.6514205,1.2801123,0.7239552,1.4141927,1.4760594,1.5994644,1.5006684,0.09308113,0.8291852,1.25324,1.1614978,1.5593021,0.97909,0.8509284,1.0212649,0.76357365,0.33025005,0.7973385,0.20430087,1.3864747,1.4832593,1.0568278,1.066538,1.4522169,1.1765026,0.7286063,1.1517482,1.4528133,0.6060113,1.9185956,1.5824747,0.68405414,1.7054316,0.5343157,1.1217797,0.47570986,1.2349238,0.80324304,1.1224655,0.66346395,1.4413506,1.1593137,0.6299614,1.3486267,1.3107991
0.9222964,0.88523877,0.626972,0.40583143,0.82174575,1.2006108,0.82566017,0.675869,0.6979475,0.6844805,1.0067067,0.98328626,0.43008518,0.81190515,0.9673775,0.48966008,0.96090096,-0.041310534,0.12592794,0.6589904,0.17287835,0.19170243,0.5104658,0.09982742,0.88245934,1.237019,1.019918,0.8357843,1.307721,0.5058461,0.37921655,0.6554732,1.5182165,0.41476002,1.5384922,1.0514776,0.45231244,1.5917696,0.31464994,0.77577454,0.36426142,0.8389439,0.49332228,0.73438984,0.4864818,0.81913126,0.9316515,0.21012257,0.8545251,0.9651147
0.17629258,0.6484569,0.17696123,-0.54387814,0.59484273,0.45063704,0.29341263,0.5827845,-0.34003925,-0.40685105,0.8103499,0.8495791,-0.1691953,0.47822124,0.30848753,-0.28631032,-0.18320513,-1.2578698,-0.60172504,0.3376866,-0.12308419,0.0075816093,-0.31214008,-0.36560285,0.5105351,0.74998987,0.6808845,0.17873612,0.93498325,-0.28578663,-0.24023531,0.22863944,1.1340519,-0.015299126,1.2270125,0.08354189,-0.10093177,0.86195534,0.0041308976,-0.20589873,-0.1474588,0.49525478,0.16812605,0.38177967,-0.1496214,-0.16761252,0.58864963,-0.46815237,0.23364955,0.6428322
-0.7703427,-0.1919251,-0.63288254,-1.3396393,0.08302398,-0.4493418,-0.2991684,-0.30668274,-1.1766862,-1.3998244,0.10244767,0.5085015,-0.9575753,0.15892664,-0.563113,-1.0780339,-1.1663973,-2.3154726,-1.6871336,-0.14025567,-0.42463985,-0.3335444,-1.2684886,-1.1018572,0.0831377,0.13239488,-0.10558349,-0.56854117,-6.539259e-05,-1.4400895,-1.0575371,-0.37098,0.8696965,-0.705297,0.4180436,-0.9265312,-0.80039513,-0.2774521,-0.25647312,-1.0729109,-0.9971909,0.1504359,-0.2877131,0.0922796,-0.9508773,-1.1584401,0.2907092,-1.1753566,-0.64253265,-0.03883965
-1.3667426,-0.41855365,-1.3055682,-2.0242584,-0.6743262,-1.2072251,-0.8212972,-0.12630618,-1.8243729,-2.1504104,-0.52044415,0.21323562,-1.7608607,-0.07965254,-1.3005062,-1.608327,-1.6601123,-2.4981704,-2.1159809,-0.7263054,-0.88279116,-0.7549223,-1.8601098,-1.6938605,-0.48924616,-0.7479013,-0.967973,-1.1853738,-0.81245935,-2.2551973,-1.6630139,-0.86424804,0.38605592,-1.4049575,-0.13917813,-1.6295745,-1.3478714,-1.2668883,-0.5136082,-1.6629153,-1.821478,-0.2588629,-0.79873574,-0.39955863,-1.8459197,-1.6930385,-0.16319424,-1.8532858,-1.4229585,-0.61946166
-2.0410545,-0.6623886,-1.9338237,-2.0723026,-1.1603055,-1.412787,-1.1848855,-1.1198254,-1.8872442,-2.3840046,-0.8018114,-0.022682173,-2.0442274,-0.5196177,-1.8218784,-1.6309756,-2.1678326,-2.401066,-2.2367315,-1.0528917,-0.90855736,-1.0211694,-2.2990446,-2.2733428,-0.8289931,-1.5088769,-1.6668915,-1.9106505,-1.1464411,-2.5145864,-2.04665,-0.9031314,-0.0018373965,-1.840336,-0.33403596,-1.8454921,-1.6352856,-1.8398587,-0.7610384,-1.9186114,-2.2503629,-0.55023015,-0.78940606,-0.58320516,-2.5189865,-2.1749897,-0.5926789,-2.3747318,-1.6294422,-1.1056305
-2.0254352,-1.4166805,-1.9591714,-1.9833174,-1.7070912,-1.4435617,-1.6581413,-1.2350576,-1.9926121,-2.5469387,-1.671279,-0.6115074,-2.2703805,-0.5160103,-2.0043228,-1.6812887,-2.1448693,-2.014125,-2.1716824,-1.6933999,-1.1679577,-1.4011408,-2.0656052,-2.530887,-1.4882957,-1.9035599,-2.0296242,-2.1174886,-1.6853632,-2.585351,-2.0421793,-1.1497561,-0.37499103,-2.3201845,-0.40476027,-1.814534,-1.9986652,-2.0329971,-1.0699289,-1.7476232,-2.3872137,-1.1791505,-1.3637226,-0.9608029,-2.4634576,-1.7816172,-0.8717188,-2.2595592,-1.7637453,-1.1380821
-2.1887002,-1.927234,-2.24058,-2.0180597,-1.9028602,-1.4374654,-1.8929513,-1.2626997,-2.167577,-2.5393765,-1.8762159,-0.7838356,-2.034412,-0.65656984,-2.0639343,-1.8092443,-2.1790643,-1.7599007,-2.153399,-2.140621,-1.4000782,-1.6217034,-2.3807268,-2.795679,-1.7604169,-2.01442,-2.1216948,-2.242025,-1.7762808,-2.2624304,-2.0671089,-1.4100999,-0.61659515,-2.4491167,-0.75314057,-1.8678085,-2.075192,-1.9778842,-1.3590521,-1.7159326,-2.5007625,-1.3790268,-1.5341228,-0.9405171,-2.5772429,-1.4087746,-1.2103897,-2.153188,-1.7856785,-1.1049833
-2.3576095,-2.2108686,-2.5740354,-1.9113454,-2.074349,-1.3487853,-2.0181653,-0.9992477,-2.226723,-2.2641563,-2.1640286,-1.1280777,-1.344568,-0.70576084,-1.954443,-1.7143723,-2.0167894,-1.4006581,-2.2574973,-2.4052024,-1.4604082,-1.7277809,-2.3190284,-2.710107,-1.9913685,-1.903265,-1.9146205,-2.0595329,-1.7432792,-2.0583065,-2.2564955,-1.4360721,-0.9967741,-2.434867,-0.7126327,-1.7598778,-2.002707,-1.8842202,-1.4321504,-1.6297121,-2.557526,-1.4906462,-1.4919132,-1.0860181,-2.782727,-1.2379252,-1.4905294,-2.058264,-1.5294561,-1.0754335
-2.388698,-2.191492,-2.7279623,-1.7962844,-1.9857867,-1.3503741,-2.0707254,-1.0628161,-1.9944749,-2.1939006,-2.124857,-1.2844174,-1.1330649,-1.0087255,-1.78305,-1.6768597,-2.0717251,-1.1691335,-1.8097141,-2.3745635,-1.5613564,-1.8280029,-2.3430061,-2.6838417,-2.0378938,-1.6234894,-1.8271719,-1.782774,-1.6187282,-1.3539063,-1.9089826,-1.5098923,-0.99312633,-2.2801309,-0.6502901,-1.7040799,-2.0456648,-1.6853302,-1.5999548,-1.0663811,-2.4000502,-1.5624541,-1.4015619,-1.1809431,-2.7430913,-0.97745216,-1.4278425,-1.9330792,-1.494834,-1.0539939
-2.4333215,-1.6372247,-2.2333863,-1.5814613,-1.5685393,-1.0322133,-1.5762901,-1.3858753,-1.4356059,-1.9852959,-1.3711576,-1.4844977,-1.0974706,-1.077733,-1.3872232,-1.4414833,-1.9666429,-1.3072455,-1.5733191,-1.5945542,-1.3294251,-1.6015755,-1.6843611,-2.0595717,-1.684808,-1.8013139,-1.5686114,-1.244517,-1.6293653,-1.3323524,-1.5831404,-1.1162852,-1.4991264,-2.0403957,-1.07523,-1.4492954,-1.3392826,-1.9694041,-1.3547357,-0.9955716,-1.7085913,-1.3468542,-0.84695965,-1.3398794,-1.8826327,-1.0319116,-1.5335567,-1.4918331,-1.2626524,-1.1903554
-2.1737838,-1.9123529,-1.8013265,-1.4725425,-1.5395004,-1.3649843,-1.5496004,-1.3588722,-1.6328247,-1.8016986,-1.7186979,-1.2669212,-1.7837934,-0.88799053,-1.7716006,-1.6259929,-1.7314305,-1.0148154,-1.260173,-1.4758953,-1.2013509,-1.0408427,-1.0253416,-1.3864025,-1.6441262,-1.6940645,-0.9842681,-0.97672457,-1.6230223,-1.38145,-1.7082832,-1.2777009,-2.0902548,-1.4369222,-2.2830176,-1.1656393,-1.1670446,-1.8543706,-1.3566821,-2.368794,-1.2635095,-1.1837732,-0.9606146,-1.9836185,-1.458819,-0.60681784,-1.3181964,-0.75574267,-1.2834374,-1.5521561
-1.3892039,-1.5928717,-1.1245372,-1.0610212,-1.3734524,-0.576689,-1.5556532,-0.43071023,-1.1309915,-1.277303,-1.3508095,-1.1257747,-0.31564027,-0.28286636,-0.9380321,-1.0604017,-0.91108155,0.26395577,-0.26154372,-1.3214247,-1.0491067,-1.627364,-0.91427314,-1.1236161,-1.4636248,-1.3025321,-1.3258419,-0.44099128,-1.2010221,-0.59966594,-0.9886693,-0.85045373,-1.0724316,-1.6675315,-0.6562952,-1.1812733,-1.3180213,-1.1425045,-1.1462843,-0.23739459,-0.9323324,-1.23453,-1.2693709,-1.1545116,-0.72995925,0.03235433,-0.4977288,-0.9954949,-1.302827,-0.8358406
-1.3981539,-1.1842582,-0.7482561,-0.56322765,-0.7204019,-0.24220833,-0.8507624,-1.0424359,-0.58936507,-0.7364118,-0.84045625,-1.5369202,-0.25972226,-0.094847076,-0.9070937,-0.50383633,-1.1921855,-0.5564427,-0.4904211,-0.53205776,-0.5906835,-0.88605535,-0.7903906,-0.2928075,-0.965852,-1.5364296,-0.45493942,-0.5349465,-1.8115927,-0.27708435,-0.5838235,-0.17699541,-2.4589229,-1.2482085,-1.8693029,-0.55662644,0.0027787113,-1.3601539,-0.7180479,-0.6121099,0.14207648,-1.3318459,-0.6138135,-0.7139423,-0.25804856,-0.5134113,-1.0602565,0.49055403,-0.66061413,-0.7041657
-0.7452667,-0.8351697,-0.18447605,0.09198092,-0.44313562,0.04914973,-0.29658753,-0.22652483,-0.38230512,-0.34663674,-0.111374244,-0.19857256,-0.8149434,1.1782731,-0.5309301,-0.2566492,-0.41741827,1.2593654,0.4372159,0.004733732,-0.16624466,-1.0513846,0.32969692,0.31238273,-0.5550977,-0.85033625,0.15423213,0.4474935,-1.2227106,-0.22609773,-0.8466337,-1.0870992,-1.8298984,0.1931301,-1.7436415,0.2346109,-0.44147828,-1.4990348,-0.15629886,0.42948487,0.37636456,0.84449947,-0.17729133,-1.778219,0.5523091,-0.22638534,0.85944617,1.1485542,-0.13187574,-0.52849483
0.2852588,-0.48005494,0.5475345,0.2904502,0.11086105,0.46811402,-0.23578294,0.06001194,-0.0328698,0.07519754,0.08326386,0.011664171,1.2207822,0.95628947,0.44269478,0.15855612,0.12485855,0.79377943,0.040169846,0.30085954,0.14477085,-0.50821835,0.14442095,0.56905967,-0.20113602,0.47246802,0.23897412,0.83772904,0.084552616,1.0690238,0.44644624,0.51050156,-0.42064223,-0.31626734,0.18639131,0.26892427,-0.2564975,0.39140907,0.347194,0.5526377,0.6450611,0.12691797,-0.5681241,0.64019257,0.90031695,0.60441184,0.09501821,0.710265,-0.07078528,1.0941905
-0.627362,-0.32603046,-0.21987167,-0.1025883,0.13489772,0.056472104,-0.37508965,-0.38253883,-0.47542524,-0.16268766,-0.22976223,-0.11014689,-0.19026718,0.40094408,-0.23747616,-0.2504586,-0.7710119,0.31189263,-0.81821954,-0.003196984,-0.122859515,-0.44899458,-0.6799739,0.13979866,-0.1994063,0.040945657,0.21582922,-0.002761206,-0.28125352,0.80640554,-0.21409422,-0.1498015,-1.322966,-0.23219535,-0.4172585,-0.06164845,-0.4617292,-0.531868,0.180078,0.8192517,0.27926898,0.2112363,-0.4751698,0.56383204,-0.14953789,0.12379805,-0.2832249,0.4170202,-0.14363451,0.5011056
-0.65509886,-0.29000938,-0.28135806,-0.004917456,0.07358796,-0.12397958,-0.46364906,-1.5653149,-0.53229624,-0.20408499,-0.35634214,-0.25969347,-0.6745007,0.20813373,-0.5023314,-0.21953924,-0.37684956,-0.04095082,-0.7972268,-0.12694634,-0.35312355,-0.27688184,-0.64841044,0.15576547,-0.17714162,0.052037563,0.051405672,-0.10688539,-0.35900533,0.3935883,-0.26757085,-0.39219764,-0.9732122,-0.18147886,-0.65451276,-0.06331196,-0.40966344,-0.63082635,0.037760638,0.23727478,0.18459405,0.021921726,-0.5968941,0.14692187,-0.43582398,0.2592462,-0.39305598,0.2813393,-0.39921734,0.31922415
-1.0885909,-0.35623854,-0.5794007,-0.2824805,-0.22013047,-0.47581634,-0.6962366,-0.32723328,-0.7326141,-0.56625015,-0.37914371,-0.55989677,-1.0234363,-0.11147491,-0.70451343,-0.305788,-0.6181945,-0.95508367,-1.2096344,-0.366432,-0.6411635,-0.18342483,-1.0132349,0.0132411495,-0.43857408,-0.28133324,-0.15254365,-0.3262231,-0.56732434,-0.27264443,-0.32309508,-0.7316049,-1.3739268,-0.31749955,-0.8878202,-0.17823493,-0.3067529,-1.0299338,-0.10127319,-0.62488496,0.10997471,-0.1945592,-0.81046295,-0.4950613,-0.7523656,-0.11738734,-0.5538755,0.102610156,-0.8608624,-0.15706
-1.3830299,-0.98051345,-0.6869723,-0.49786887,-0.70269924,-0.66813236,-1.0080432,-0.74776405,-1.0587901,-0.64383936,-0.86578053,-0.78287464,-0.8663186,-0.42338562,-1.076172,-0.7096523,-1.0201261,-0.95637107,-1.1781453,-0.71944493,-0.8365089,-0.32404187,-1.0287948,-0.1617898,-0.7625095,-0.57690895,-0.34548,-0.673942,-0.99030536,-0.94473785,-0.66903806,-1.0123582,-1.6301085,-0.57121617,-1.5203496,-0.63485354,-0.62787646,-1.0897808,-0.39954516,-1.056841,-0.09938803,-0.52315706,-0.9293787,-0.99485904,-0.9496944,-0.2669549,-0.66321987,-0.1485461,-1.0185522,-0.38443008
-1.249506,-1.237912,-0.63132894,-0.647823,-1.2123255,-0.8115404,-1.1978309,-1.6151474,-1.1065452,-0.85604906,-1.3904939,-0.8341539,-0.628252,-0.8309003,-1.0892143,-0.8776201,-1.36204,-1.1278799,-1.1658901,-1.0083398,-0.98206025,-0.53094465,-1.1834086,-0.17142256,-1.2587079,-0.70474905,-0.42231378,-0.84366715,-1.3448858,-0.9218278,-0.73341817,-0.8747723,-1.6848927,-0.90491766,-1.1739639,-0.92991465,-0.72082293,-0.8316927,-0.5068293,-1.33304,-0.15666431,-0.96973836,-1.036855,-1.1444726,-1.056368,-0.3657274,-1.035205,-0.2554706,-1.0877241,-0.38577658
-1.4973294,-1.0694907,-0.85624987,-0.6103109,-1.0758198,-0.801973,-1.2032897,-2.224552,-1.0717303,-1.0804986,-1.3144517,-0.8641096,-1.1723442,-0.9011318,-1.5029869,-0.8559447,-1.6090698,-1.6173586,-1.4807525,-1.0167644,-0.82704914,-0.5610483,-1.4046304,-0.5210973,-1.2234591,-0.9024564,-0.61330456,-1.0824817,-1.3822249,-1.4341965,-0.8538515,-0.92835206,-1.7146152,-0.939847,-1.1185813,-0.9839786,-0.7559217,-1.1323285,-0.67250216,-1.6192884,-0.26298672,-1.2183815,-0.9439554,-0.9535943,-1.3220013,-0.7502833,-0.9632723,-0.36558545,-1.0684216,-0.5851938
-1.3742642,-1.2211319,-0.79981273,-0.6256285,-0.92011744,-0.75099266,-1.2539141,-1.8889918,-1.0589219,-1.1920815,-1.1571139,-0.9831372,-1.4376127,-0.6455463,-1.6402557,-0.79459244,-1.6033161,-1.5438629,-1.7405232,-1.0484462,-0.80195695,-0.6038933,-1.5498557,-0.50438714,-1.1172695,-1.0939097,-0.5156646,-1.2143664,-1.3540407,-1.5467448,-0.867451,-1.029554,-1.9595158,-0.93316126,-1.1326286,-0.9953976,-0.7027052,-1.1368119,-0.79615104,-1.4911634,-0.2959286,-1.349829,-1.0324572,-0.8573292,-1.3771821,-0.74043775,-0.8918845,-0.16349496,-0.94869715,-0.41224724
-1.452061,-0.91079646,-0.6884584,-0.5241518,-0.5712933,-0.6146652,-1.091871,-2.1146648,-0.91316724,-1.0748535,-0.8324168,-0.8469447,-1.4245317,-0.31483367,-1.6934457,-0.71530604,-1.408862,-1.6359502,-1.2499603,-0.763695,-0.4930699,-0.546544,-1.4163488,-0.4630995,-0.91041213,-0.99165183,-0.3024714,-1.1773129,-1.0269688,-1.6243712,-0.8166704,-0.8031134,-1.6614794,-0.8017157,-1.6130148,-0.83302236,-0.5298778,-1.0543416,-0.6092544,-1.3988024,-0.2368938,-1.1499007,-0.9508876,-0.36367726,-1.2411575,-0.55711496,-0.67085016,-0.02238437,-0.8291616,-0.32697955
-1.1876165,-0.904906,-0.4335964,-0.42126206,-0.24782138,-0.4603599,-0.8476694,-1.6426617,-0.69559026,-0.7655166,-0.70851207,-0.8998477,-1.1023966,-0.18317185,-1.4168922,-0.58694786,-1.29241,-1.495926,-1.135862,-0.5214926,-0.17559806,-0.45355096,-1.3929952,-0.29150662,-0.62432,-0.7677841,-0.010186377,-0.9106783,-0.9877769,-1.5528963,-0.4020132,-0.9060256,-1.5613953,-0.5861493,-1.2324022,-0.7013516,-0.2771554,-0.73773384,-0.4544649,-1.2114298,-0.1721919,-1.0073111,-0.82932776,-0.082980014,-0.9081244,-0.31426755,-0.4358497,0.3310535,-0.5052499,-0.05798287
-0.89780784,-0.9382531,0.002414873,-0.22550586,0.062332947,-0.33007687,-0.6783445,-1.769692,-0.45000637,-0.6013165,-0.78765917,-0.9765595,-0.5710569,-0.10281072,-0.9893056,-0.48897225,-0.8600563,-0.95135397,-0.8209003,-0.44841474,-0.27445325,-0.28496456,-1.094834,-0.062241144,-0.5119322,-0.50938994,0.24378757,-0.7529333,-0.8232709,-1.5514916,-0.18155435,-0.98818994,-1.1884713,-0.46730655,-0.8034942,-0.53622735,-0.030509688,-0.30761155,-0.296233,-1.0032996,-0.16420384,-0.87799877,-0.9587925,-0.024363754,-0.46169564,0.06043485,-0.06746556,0.6154448,-0.20825697,0.09134259
-0.7538826,-0.42657557,-0.22753847,0.29338935,0.58717704,-0.34242475,-0.16800378,-0.97839904,0.01628654,-0.22944394,0.00016633366,-0.79750454,-0.4892324,-0.10266578,-0.72377837,0.115641445,-0.64091647,-0.7614429,-0.9665444,-0.14754151,0.17883804,0.12369994,-0.6988482,-0.04785398,-0.10636702,-0.38617533,0.59315866,-0.57792336,-0.48248833,-1.0100614,0.26299787,-0.57654124,-1.323047,-0.21901906,-0.530655,-0.117643796,0.455849,-0.638687,0.03806516,-0.41271105,-0.13984096,-0.4827029,-0.5003915,0.36549097,-0.39636937,-0.14692412,0.021469852,1.090073,0.44639784,0.18837388
-0.8669955,-0.34085354,-0.26578805,0.59680206,0.9081803,-0.40197086,0.0034411894,-1.3783579,0.33972603,-0.031109553,-0.12864523,-0.7957317,-0.6566215,-0.09806796,-0.5699328,0.5385472,-0.41752163,-0.5426031,-0.77636176,-0.15670711,0.3610107,0.49967167,-0.69328713,0.062860616,0.16575426,-0.34733006,0.9574539,-0.4927565,-0.4386971,-0.98916954,0.28359336,-0.25816372,-1.6082624,0.051777903,-0.9902251,0.18378936,0.77969515,-0.79663694,0.22333325,-0.6439652,0.0030329013,-0.3607808,-0.2966592,0.3428716,-0.2675956,-0.32528448,-0.020350616,1.2509742,0.74266404,-0.09135303
-0.6568382,-0.2564685,-0.20247783,0.46474668,1.0052527,-0.34126768,0.19381271,-1.6434284,0.15653542,-0.29387888,-0.28847802,-0.6410489,-0.7555225,0.2325078,-0.374272,0.5118556,-0.121137604,-0.42088658,-0.50711596,0.01240375,0.097838275,0.48679128,-0.43506572,0.10554203,0.29070476,-0.07744275,0.98665726,-0.25735626,-0.48721838,-0.83459514,0.15892832,-0.48514935,-1.1660578,0.2396497,-0.36266097,0.37469795,0.7894908,-0.7276315,0.264298,-0.400565,-0.029517392,-0.35896695,-0.25910756,0.43027613,-0.21124576,-0.0077086883,-0.15956402,1.2536025,0.8227081,-0.024059499
-0.31999895,0.3812925,0.0633271,0.2936908,1.1578857,-0.23334895,0.4134036,-1.037687,0.043189008,-0.194571,0.25385287,-0.2636699,0.09459539,0.5334997,0.048411187,0.38903373,0.1534892,-0.55333775,-0.29913202,0.40324536,0.27336538,0.6901399,-0.47773743,0.23267254,0.6319596,0.09039904,0.8774145,-0.08742334,0.03644547,-0.33953407,-0.0066376543,-0.26598173,-0.60373336,0.52579457,0.07611403,0.37636146,0.8483209,-0.1970171,0.4551931,-0.18990369,0.20869352,0.03598687,0.12608084,0.39998606,-0.14417987,0.18595825,0.0051874123,1.1176276,0.8139144,0.33885795
-0.12432054,0.24189731,0.62058866,0.0874026,0.74307436,-0.007011521,0.32483396,-0.52973634,0.1674151,-0.08993457,-0.009481018,-0.36089343,0.56633174,0.61329716,0.37588984,-0.052376702,0.17305864,0.16861211,-0.064197995,0.5708057,0.06964798,0.3850288,-0.058079027,0.6762278,0.282544,-0.09271182,0.6827494,-0.03208046,0.37025285,0.2120191,-0.022899054,-0.34299675,-0.4971914,0.4840941,-0.10594852,0.47911826,0.5996543,0.06670472,0.3528475,0.24416403,0.3774752,-0.079052955,-0.010987378,0.039173774,0.2956522,0.35094318,-0.07046316,0.8490152,0.3107866,0.6378429
0.41276997,0.18634464,0.99268174,0.36990196,0.5235285,0.23683745,0.25763857,1.7526978,0.22479713,0.088949755,-0.190355,-0.48275417,0.74674714,1.0106179,0.6309384,0.18830112,0.71967655,0.6082418,0.39449286,0.64432263,-0.02013761,0.23169842,0.50514054,1.082615,0.3483401,0.067436434,0.51546293,0.49195483,0.56004393,0.04770914,0.28186995,-0.27842292,-0.27739283,0.6900589,0.19810443,0.5956343,0.5747301,0.31234562,0.3530461,0.15963592,0.6729268,0.013878576,-0.20732167,-0.2066818,0.8298275,0.62384975,0.35230607,0.73316807,0.066264905,0.6790311
0.29729575,0.55783254,0.9406691,0.5765105,0.84021175,0.5899176,0.50929606,1.9369502,0.6124267,0.57034767,0.6135494,-0.033617333,1.0156096,0.95843136,0.88514066,0.116799034,0.6941467,0.97255826,0.69644755,1.0090395,0.22410333,0.1367752,0.6061686,0.9025043,0.623566,0.41495532,0.17595065,0.7553531,1.0223477,0.8601207,0.4400816,0.27793428,0.1661763,0.71643585,1.1743034,0.8030934,0.14955921,0.5496392,0.5057304,0.85312885,0.96496814,0.25098562,0.22746062,0.5621685,0.807282,0.86193264,0.58012396,0.39060682,0.015654156,1.0948273
1.0255724,1.4111193,1.2316022,1.1535108,1.4799122,1.374051,1.1067009,0.86186767,1.1983631,0.99467915,1.4155965,0.7800911,0.85564584,1.3850459,1.2985897,0.46308586,1.420266,1.7541074,1.6613466,1.5936486,1.1627903,0.61896366,1.5460143,1.4089512,1.3095684,1.0170453,0.57864267,1.2946492,0.8741028,1.4061683,0.7328551,0.7055761,0.24468447,1.2081552,0.17113456,1.668963,0.6027277,0.79547185,1.0253099,1.2595048,1.3888054,1.190842,1.026347,0.50503093,1.3798542,1.1670986,1.0579207,0.9311777,0.49343297,1.1004741
1.6621609,0.67114687,1.8394241,1.4620293,1.1096174,1.4352722,1.0230983,0.8861237,1.4798498,1.6459047,0.54597634,1.0836412,1.6346667,1.9754024,1.6276861,0.75867367,1.7344968,2.0051513,1.7829767,1.3601041,0.849197,0.49466982,1.9312801,1.44773,1.0209149,1.6992683,0.34480962,1.7381791,1.2417399,1.241584,1.1575114,0.8823084,1.8372074,0.7933463,1.7007358,1.7420727,0.42904425,1.5677896,1.0620246,1.2706624,1.3981605,1.2479111,0.6686408,0.96385276,1.9564205,2.0024545,1.4096136,0.6524495,0.18199229,1.8193887
0.6480725,0.72989666,0.99982506,1.2080739,0.89385575,1.1040382,0.8877347,1.6442802,0.8670935,1.2379808,0.71680105,1.0137224,1.0743737,1.4203469,1.0825189,0.55077744,1.0665691,1.0703442,0.9179349,1.1777114,0.60315865,0.41143918,0.8928749,1.0791459,0.9598313,1.1712227,0.34595376,0.9922081,0.98697037,0.7917134,0.5362508,0.63502604,0.6389411,0.5311627,1.4184753,1.3165673,0.18303005,1.01641,0.95082134,0.9838,1.077456,1.4565561,0.7719797,1.069764,1.0952798,1.3893367,0.95227456,0.01834671,-0.12587279,1.4098762
0.4358418,0.6393886,0.5301069,1.0666357,0.7382508,1.0639898,0.5654407,1.1291317,0.6045307,0.7696317,0.32565358,0.8637451,0.69285417,1.0245482,0.71728206,0.48759654,0.91717976,1.100125,0.80629057,0.86521643,0.64882594,0.46978137,0.5663953,0.90310836,0.67813,0.9456086,0.3724958,1.0246449,0.78654206,0.8486899,0.17839763,0.6365295,0.30700734,0.7032108,1.0038267,1.1362741,0.18145826,0.70322376,0.7963761,0.9006048,1.160341,1.0515069,0.5930307,1.184559,0.5206897,1.1463944,0.8526918,-0.013686542,-0.15792239,0.91348857
0.5031336,0.44663033,0.4770979,0.7617346,0.3020338,0.7039844,0.26198104,-0.07830514,0.27542058,0.6332878,0.20521414,0.74103934,-0.044515476,0.8155689,0.37780637,0.35046422,0.6697883,0.6171211,0.50108767,0.66069174,0.38689515,0.31131923,0.38860804,0.77746457,0.4074501,0.7936377,0.17314824,0.69757557,0.4164418,0.6882225,-0.016926872,0.39343798,0.3641963,0.6344867,0.7263405,0.7117273,-0.13511834,0.8877789,0.6189329,0.49953058,1.1371316,0.58449644,0.26158726,0.91448987,0.35234997,1.0855163,0.6225868,-0.23018983,-0.30946392,0.7220459
0.2828514,0.29188892,0.2454896,0.3148679,-0.0025823186,0.5729587,0.023842527,-0.25314474,-0.12328648,0.64672345,-0.016550198,0.63003093,-0.025268005,0.8458614,0.040993948,0.0028017005,0.5280821,0.14447327,0.16669352,0.3736767,0.18292943,0.28516874,0.23456271,0.6245022,0.19583596,0.57453716,0.12105711,0.2571039,0.19489172,-0.22173852,-0.07577847,0.39336282,-0.17171551,0.5028581,0.6594993,0.24703082,-0.16704546,0.75239325,0.45658332,-0.082071945,0.8181002,0.22540508,0.038962718,0.7133416,-0.019525517,0.96899956,0.33721098,-0.32720605,-0.5067034,0.7846319
0.06223514,-0.026681561,0.052671257,0.18360385,-0.4696409,0.40281707,-0.1848308,0.13535695,-0.38314584,0.6125891,-0.36762512,0.22521459,-0.006841518,0.6813787,-0.07342571,-0.12181526,0.40298235,-0.27154768,-0.023772834,0.19228557,-0.04317229,0.25924093,-0.030814612,0.49517253,-0.23034176,0.41987586,-0.030034944,0.09278245,-0.008675417,-0.40138644,-0.28383225,0.092914134,-0.26085627,0.4184933,0.5014784,0.1880327,-0.22539839,0.38884294,0.26131898,-0.035000388,0.69922614,-0.12816176,-0.09963989,0.41017517,-0.18715549,0.85515785,0.029771658,-0.3796351,-0.6224599,0.7620755
0.040545564,0.08837661,0.014286593,-0.14989762,-0.71835554,0.22689006,-0.35643965,0.42862323,-0.58015037,0.16421764,-0.36963496,0.14754182,-0.2725478,0.65168214,-0.16922759,-0.20952357,0.26765,-0.3453841,-0.035730172,0.15490966,-0.1677464,0.1907466,-0.10405132,0.4698827,-0.5285198,0.44479725,-0.102453485,0.12536766,-0.13566783,-0.17477207,-0.2918691,0.055534236,-0.39645883,0.33558035,0.472238,0.008796852,-0.24942441,0.28333652,0.15590166,-0.18078293,0.49811488,-0.2606146,-0.22950193,0.2485126,-0.17440753,0.49587286,-0.011328608,-0.3532909,-0.6898003,0.72604364
0.32496348,0.24528822,0.25823945,-0.12301176,-0.87277496,0.38504648,-0.201115,1.162268,-0.29591063,0.38511482,-0.16051199,0.42057288,0.86097306,0.75320446,0.13547665,-0.3197294,0.115693994,0.022567442,0.16286376,0.25773454,0.0071894694,0.303385,0.06183724,0.43973005,-0.41805023,0.427593,-0.30160952,0.23167408,0.26965725,0.24484234,-0.14323,0.28206882,0.31465414,0.33564135,0.8066347,0.084669694,-0.24211276,0.5667615,0.33690646,0.081173345,0.29062456,-0.12919825,0.12698504,0.13930891,-0.013833473,0.7464131,0.2782419,-0.30058518,-0.38949344,1.0832828
0.8325894,0.76029855,0.6850978,-0.031614907,-0.5323149,0.63946456,0.048514627,1.8552377,-0.09717526,0.4921605,0.46211648,0.84745836,0.04732506,0.9902779,0.4902597,0.014394365,0.38341293,0.31357762,0.85046035,0.7646006,0.5638767,0.24295485,0.7526975,0.70007735,-0.11511544,0.91659266,-0.39361957,0.56586903,0.38019252,0.95576507,-0.03968942,0.82149327,0.8457023,0.5827576,1.3672727,0.5660295,-0.3321823,0.31884944,0.6317493,0.25933537,0.24857688,0.12520777,0.6135258,0.25484324,0.39710698,0.8687866,0.53323287,-0.22599654,0.10001509,1.0405082
1.4024503,0.9562733,1.2553964,0.3969197,-0.33376873,0.6583231,0.24018684,2.0443456,0.52799386,0.6310544,1.1889945,0.97023034,1.4299867,0.9819841,1.0670623,0.55524,0.44231075,0.46772537,0.57701606,1.0203868,0.70234495,0.16367738,0.9218589,1.0159911,0.22270215,0.5606133,-0.036123585,0.9740822,1.1201097,1.5699133,0.7300567,0.9135617,1.807782,0.6441615,1.768341,0.44796276,-0.036544263,0.95131284,0.92325556,0.678741,0.4860616,0.5973385,0.90722585,0.61916745,1.246627,0.787695,0.85962135,-0.094586715,0.34702227,0.7067439
0.83501977,1.8965029,1.0221668,1.0146539,0.5730311,0.92856026,0.80729693,2.4859169,0.7807814,0.3853786,1.89716,1.848622,1.1641344,0.8969768,1.2073675,1.1424731,0.48045048,0.9343148,0.3672591,1.888265,1.7046256,1.017606,0.5173721,1.2064313,1.0766432,0.8663133,0.49934417,0.96863395,1.556082,1.4229432,0.88806355,1.517654,1.3690225,1.2184887,1.0626044,0.6458919,0.75324124,0.083532065,1.7986616,1.5032345,0.72465694,1.4790894,1.696673,1.1746472,0.99872386,-0.24853002,1.4792397,0.701057,1.0425348,0.52611494
0.98544157,2.3821769,1.272368,1.2754864,1.0080137,1.1166452,1.1792321,1.6969876,1.4200282,0.5935611,2.2379084,2.2707357,1.7258139,0.737857,1.6799802,1.4104465,0.7528034,1.1828974,0.21453705,1.9157894,2.2859793,1.3591589,0.8538643,1.3211725,1.4197941,1.2345175,0.8702271,1.0911514,1.8945105,1.6908895,1.2108173,2.0436788,1.6914451,1.2215022,1.5397229,0.90999484,1.3612738,0.031029567,2.1168995,2.101611,0.79866403,1.9510025,2.06686,1.6665778,1.0675851,-0.25742587,1.7652578,0.86718035,1.3834524,0.4781943
1.0984392,1.3840308,1.4635314,1.1082175,0.7559859,0.79665387,0.9903764,0.804177,1.2872137,0.5289855,1.3518075,2.025639,1.5303108,0.548501,1.6638763,1.1790127,0.90298504,1.3324445,0.06919086,1.2190388,1.7854716,1.1102464,0.7935941,0.9455884,1.005791,1.1846156,0.5917826,0.92671114,1.9933841,1.7707437,1.1380591,1.512824,2.060397,0.62245727,1.3165159,0.78018486,0.93468547,0.49738744,1.7883344,1.9267586,0.5766072,1.8976752,1.5200119,1.8567168,1.0647877,-0.27619898,1.3992971,0.46398503,1.0736978,0.22902973
-0.049403388,1.230297,0.2621404,0.42335337,0.7732176,0.2699263,0.9566302,0.72425336,0.7421091,0.4206736,1.1475359,1.3702585,0.9419584,0.13742721,0.8673692,0.672492,0.21977724,0.32294917,-0.8494249,0.77450716,1.29265,1.3213807,-0.07021349,0.18737388,0.87974274,0.2599636,0.3610544,-0.18133402,1.5596569,1.060822,0.36012262,1.1268657,0.76589715,0.51364315,0.6994342,0.32775322,1.0489074,-0.30401307,1.3012989,1.2494555,0.066104434,1.6870607,1.2451357,1.2280533,-0.14998324,-0.65614074,0.7190162,0.091353126,0.5724596,-0.016930372
0.19897276,0.323434,0.23957907,-0.1522904,-0.38690928,-0.5587112,0.46615827,-0.6821513,0.7207454,-0.07308722,-0.22735038,0.49809653,0.39520255,-0.19136901,0.73410773,0.037713908,0.32148322,0.25460315,-0.1882678,0.13591985,0.28628987,0.73891455,0.49970427,-0.0024933626,-0.17690878,0.29205933,-0.35220873,-0.32877648,1.0872608,0.50888133,0.07460109,0.3287326,1.1645851,-0.10714268,0.44004816,-0.02630597,0.51991373,-0.2323678,0.25561252,0.5194495,-0.26879624,0.63646597,0.3389236,0.14937095,0.07861699,-0.5098498,-0.17410435,-0.58697367,-0.033633906,-0.20114994
-0.26612633,-0.22984508,-0.008984004,-0.44439858,-0.91089255,-0.7390074,-0.17425118,0.82372665,0.057662267,-0.25107467,-0.43644565,-0.07339812,0.6084572,-0.58892316,0.3145856,-0.32160836,-0.39960593,-0.35943195,-0.82305634,-0.41529235,-0.34706926,0.17800541,-0.18300162,-0.4577256,-0.7222823,-0.25316685,-0.8080806,-0.75662977,0.43671352,0.73118496,-0.29425797,-0.23440899,0.8912454,-0.7475221,0.15971851,-0.31008902,-0.16663846,-0.49511626,-0.22202249,0.37420613,-0.7222434,0.034131557,0.12169685,-0.27730086,-0.4790362,-0.9064832,-0.7764573,-0.9406536,-0.3891301,-0.22123258
-0.46363625,0.3495924,-0.42581138,-0.33159855,-0.57353455,-0.38603088,-0.1622992,0.3696335,-0.113280475,-0.3697447,-0.25243905,0.34581617,-0.15419869,-0.5765791,-0.048212066,-0.24661675,-0.17288637,0.0104885595,-0.5520659,-0.21871214,0.28698754,0.07339406,-0.5073871,-0.7948871,-0.37119243,-0.5430786,-0.94421315,-0.9746166,0.1729852,0.18621902,-0.6376755,-0.21319133,0.04366519,-0.52201253,-0.61767584,-0.011926501,-0.24153736,-0.8307341,-0.19090836,0.05375113,-1.0252986,0.039604213,0.20930816,-0.29236504,-1.1318119,-1.0997069,-0.295264,-0.75870824,-0.00065407343,-0.53199154
0.14524987,-0.117790274,-0.011719734,-0.37798467,-0.7742733,-0.30116728,-0.3012577,0.57471335,-0.050376184,-0.07278826,-0.2569439,-0.09558324,-0.33112946,-0.33190438,0.033750936,-0.2236663,0.1501989,0.020977119,0.013843846,-0.4153335,-0.2561485,-0.48080578,-0.01334098,-0.79634285,-0.5765862,-0.61036164,-1.0172063,-0.45651937,-0.2610472,-0.23602705,-0.41267782,-0.21629223,1.0971013,-0.75957596,0.34420007,-0.19647712,-0.5587034,-0.397264,-0.4893922,-0.012235908,-0.7389743,-0.5172698,-0.31048247,-0.021903118,-0.3391567,-0.7801288,-0.34218428,-1.0270008,-0.24026297,-0.53722095
-0.27977592,0.07622749,-0.5428399,-0.4768425,-0.24964036,-0.17463177,-0.13085738,0.87507117,-0.22773135,0.04336696,0.34250873,0.09399267,-0.13637425,-0.33888566,-0.37280348,-0.13538757,-0.15233502,-0.52851737,-0.48755586,-0.12892216,0.0110443495,-0.2720749,-0.34513196,-1.0941526,-0.13179177,-1.1430328,-0.8762099,-0.5862515,-0.14985801,-0.18623517,-0.40561357,-0.09597745,0.1260508,-0.47848198,0.57791066,-0.28839293,-0.27895173,-0.004793065,-0.19681343,0.24693471,-0.7458944,-0.2658074,-0.0069184857,0.114829645,-0.74643695,-0.9642192,-0.22600767,-0.8743911,-0.13472459,-0.5381186
0.12445876,0.13334967,-0.41591546,-0.40705606,-0.40194845,0.0689236,-0.20238496,-0.46834016,-0.40998235,-0.017744228,-0.049844652,0.23363136,-0.24399589,-0.20821425,-0.30318594,-0.081115104,-0.123514876,-0.40897807,-0.06228312,-0.14058498,0.018825058,-0.27847797,0.02149534,-0.8379789,-0.12813273,-0.95854133,-0.7314938,-0.3795322,-0.25701466,-0.1009561,-0.28564095,-0.06656591,-0.096828096,-0.34473053,-0.055064373,-0.19522244,-0.48056266,0.0573988,-0.23093306,-0.011487077,-0.5910669,-0.2684608,0.01464527,0.10584197,-0.50113636,-0.8261118,-0.23154545,-0.7510479,-0.04859039,-0.33300224
0.38332838,-0.22459403,-0.35795853,-0.38732973,-0.67083436,-0.029410396,-0.20866308,-0.6462251,-0.4867335,-0.085573256,-0.39132765,0.0839522,-0.008592946,-0.06641469,-0.39612547,-0.027077513,-0.14244694,-0.32847744,-0.047261983,-0.15581524,-0.21778889,-0.28075153,0.21918315,-0.7111039,-0.3054074,-0.8575814,-0.722386,-0.371976,-0.4068727,-0.45876658,-0.35549843,-0.17970166,0.14306024,-0.385577,0.10546047,-0.39966464,-0.6293781,0.19324164,-0.23648064,-0.22724043,-0.5287216,-0.34035164,0.10217439,0.070076115,-0.3246413,-0.64984083,-0.41178125,-0.6101362,-0.20896919,-0.31639546
-0.3289259,-0.010192085,-0.849191,-0.5624552,-0.5303822,-0.2667832,-0.119325295,-0.8364403,-0.6757926,-0.45642585,-0.10918418,0.16174096,-0.591618,-0.18454878,-0.67145944,-0.12094287,-0.47550642,-0.7556117,-0.1507504,-0.109342344,-0.14354107,-0.013427893,-0.15568174,-0.89778864,-0.1677501,-1.0138593,-0.62103635,-0.6018241,-0.7488759,-0.6150201,-0.6493981,-0.17022982,-0.3606161,-0.13033538,-0.510242,-0.601668,-0.4564244,-0.07351825,-0.16784419,0.018421257,-0.65578306,-0.18960479,0.26466975,0.09986944,-0.77711,-1.1150372,-0.39517763,-0.665453,-0.1460764,-0.5127648
-0.18075028,-0.5781199,-0.8070067,-0.6658537,-0.9937054,-0.6274621,-0.45355082,-0.41165036,-0.88178104,-0.58490884,-0.42297262,-0.09410865,-0.726478,-0.40852123,-0.7832905,-0.37321335,-0.5383147,-0.46426073,-0.41747138,-0.50852627,-0.3760518,-0.29797485,-0.43211183,-1.01572,-0.55183786,-0.8348902,-0.7058388,-0.6832797,-0.37988734,-0.67813176,-0.67738205,-0.45504248,-0.28093252,-0.33213988,-0.17578161,-0.9010429,-0.751066,-0.32452738,-0.44829506,-0.40853256,-0.82336867,-0.6474527,-0.03251003,-0.17643794,-0.5312666,-1.1097267,-0.6136329,-0.9140241,-0.39235684,-0.6883
-0.50751066,-0.88682765,-1.0275707,-0.84738505,-1.2182372,-1.0279132,-0.7081374,-0.7686128,-0.9069527,-0.89892364,-0.4944684,-0.23825394,-1.1441207,-0.7110672,-0.9509998,-0.5109832,-0.7054818,-0.6873225,-0.522052,-0.70767236,-0.6555188,-0.48924115,-0.62407213,-1.0129634,-0.7945205,-0.93347836,-0.7685145,-0.81657463,-1.0684931,-0.73591554,-0.85405624,-0.74632,-0.35515794,-0.42090896,-0.65124494,-1.0642639,-0.96825457,-0.55207264,-0.6534497,-0.73384,-1.0089523,-0.8938363,-0.36454254,-0.5151623,-0.61738485,-1.1365488,-0.8729159,-1.0178101,-0.5358169,-1.0423869
-0.68383783,-0.7903904,-1.1597978,-0.8325196,-1.1627254,-1.1899898,-0.8089151,-0.9786333,-0.961895,-1.0187016,-0.7019419,-0.48159438,-1.1261686,-0.9778533,-1.2223265,-0.5047255,-1.0269823,-0.80176896,-0.5427043,-0.78066784,-0.6455032,-0.6676085,-0.74977136,-1.0145973,-0.7556239,-1.0432174,-0.85527766,-1.0185881,-1.0441235,-0.7954914,-0.95101035,-0.8322994,-0.59410053,-0.4651227,-0.82694167,-1.3074744,-0.98004305,-0.85779643,-0.8033536,-0.8597934,-1.1878009,-0.9805178,-0.42578143,-0.63627636,-0.62574893,-1.2046131,-1.083303,-0.8867894,-0.551224,-1.2398001
-0.8375769,-0.6295066,-1.1879656,-0.82264704,-0.9331915,-1.1588352,-0.72839534,-0.94845694,-0.8156293,-0.7925814,-0.50539094,-0.494816,-1.2046545,-1.0145714,-1.0979757,-0.49081767,-0.76062423,-0.8473582,-0.79648924,-0.62820053,-0.41275594,-0.5679711,-0.69446594,-0.8896891,-0.6537364,-0.9448416,-0.70577836,-0.83818924,-1.150975,-0.97896576,-0.6835419,-0.7041478,-0.60962385,-0.3618109,-0.83411384,-1.0256791,-0.7664471,-0.740064,-0.7070852,-0.94023293,-1.0204645,-0.88900626,-0.36228204,-0.43199742,-0.5862387,-1.1619463,-0.9734038,-0.5682725,-0.37574336,-1.0958606
-0.67928797,-0.44612655,-1.080259,-0.55736816,-0.61032045,-1.097234,-0.618605,-1.164206,-0.59719515,-0.67865956,-0.24837773,-0.4634851,-0.95994705,-0.8292335,-0.9994857,-0.35497713,-0.6610888,-0.747963,-0.4413719,-0.60531396,-0.3755552,-0.56500155,-0.74781597,-0.74084616,-0.30120507,-0.7860976,-0.5250445,-0.6854025,-0.8007759,-0.7178974,-0.34276915,-0.6361912,-0.51788914,-0.2869501,-0.61035514,-0.9707692,-0.53863496,-0.5398024,-0.63561535,-0.9166148,-1.0151606,-0.82715905,-0.2451199,-0.4333837,-0.5077608,-0.97146887,-0.907875,-0.23732273,-0.14892524,-1.0762789
-0.36389646,-0.2794104,-0.60876757,-0.27085572,-0.37362415,-0.9048489,-0.49746695,-1.04316,-0.30748266,-0.37364876,0.0097582415,-0.58943826,-0.7430253,-0.8285169,-0.6969966,-0.18471092,-0.47681567,-0.5506683,-0.3226921,-0.42530864,-0.3100222,-0.44518057,-0.5425563,-0.3799668,-0.15034196,-0.49480525,-0.14306794,-0.3750044,-0.5762831,-0.786999,0.03166963,-0.54057086,-0.39681008,-0.16575272,-0.44312498,-0.8154428,-0.28561783,-0.41555136,-0.46085986,-0.7280291,-0.7929257,-0.75808746,-0.25795677,-0.41604373,-0.30905426,-0.79407406,-0.5669073,0.09595278,-0.016918698,-0.9434977
-0.27171287,-0.11496129,-0.23162518,-0.15745279,-0.025027376,-0.7933899,-0.24718186,-0.56936806,-0.11346181,-0.3232826,0.092772596,-0.5217728,-0.7423503,-0.8347815,-0.5319257,-0.022564594,-0.42234507,-0.48885393,-0.12519035,-0.13174868,0.049782347,-0.16415066,-0.42503917,-0.05485398,0.046558443,-0.18373625,0.22820811,-0.2576977,-0.56954765,-0.5491637,0.18604203,-0.35273167,-0.016496038,0.020398835,-0.54177403,-0.51165533,-0.02345064,-0.28367573,-0.17846271,-0.6216051,-0.5091999,-0.5348694,0.037359823,-0.2587248,-0.03381825,-0.6333313,-0.19043545,0.48799482,0.3828219,-0.74284875
-0.17955235,-0.06607416,0.01832264,0.109766655,0.3070198,-0.63101965,0.007947509,-0.5232624,0.17686063,-0.4466129,0.33622962,-0.3468931,-0.4562654,-0.63987756,-0.38611966,0.21665366,-0.24737428,-0.33404356,-0.3480252,0.18143228,0.24076445,0.11800213,-0.38669425,0.2433429,0.24928004,0.20417368,0.5227915,-0.2048785,-0.5231843,-0.6263863,0.34669372,-0.29930228,0.13310316,0.04938665,-0.60850906,-0.11338634,0.34533206,-0.53154355,0.12142455,-0.5756718,-0.34429127,-0.14582352,0.2898777,-0.007647608,0.31008413,-0.50688976,0.06530494,0.8861236,0.5237675,-0.60132045
-0.0031561037,-0.11129911,0.23618473,0.61909074,0.34910023,-0.39264518,0.08684907,0.32180282,0.2532821,-0.10824155,-0.08245991,-0.248924,-0.10001387,-0.52656674,-0.117879376,0.43740082,-0.21834743,-0.33188528,-0.44535765,0.02268075,0.025364164,0.28323853,-0.4868764,0.32794687,0.20271051,0.33482218,0.76247627,-0.33974707,-0.25843152,-0.4536647,0.19677489,-0.28376022,0.53503364,0.004282291,-0.22630502,0.22135924,0.5665764,-0.42193723,-0.013610777,-0.59755266,-0.34110886,-0.05796042,0.114230365,-0.020828757,0.21966553,-0.1848819,0.048574813,1.175936,0.66775084,-0.5562494
-0.15482186,-0.42578113,0.14163315,0.8325573,0.19705202,-0.55662155,0.06219745,-0.19068378,0.48500264,0.06805764,-0.22601971,-0.66348255,0.02663631,-0.87311006,-0.3191405,0.574768,-0.01269602,-0.60939664,-0.4309748,-0.19527674,-0.2762743,0.17321703,-0.591843,0.16790706,0.0697545,0.3447341,0.8785536,-0.3796658,-0.44190133,-0.66218024,0.2745327,-0.3714686,0.49366522,-0.075446405,-0.37554115,0.16630843,0.56708163,-0.42086062,-0.14176127,-0.61849,-0.18118382,-0.2621486,0.07097955,-0.11445997,0.0033122401,-0.22359945,-0.11683843,1.0654579,0.64158785,-0.63453406
-0.022668658,-0.13176079,0.19335873,1.1571659,0.12227847,-0.20383494,0.16610909,-0.8633371,0.703272,0.4742756,-0.43173286,-0.5197515,-0.15330473,-1.0674262,-0.24083632,0.77924186,0.14744265,-0.4471269,0.0553612,-0.10932863,-0.06497719,0.17795902,-0.3434262,0.15068583,0.057092026,0.26759815,0.9435025,0.06956457,-0.78564835,-0.4208253,0.24915946,-0.067204885,0.43492258,0.054022748,-0.21813555,0.32524386,0.58894646,-0.25264615,-0.048008442,-0.6885357,-0.02980929,-0.5682443,0.11139447,-0.02404029,0.07824124,-0.24267331,0.11818151,1.3000053,0.7771119,-0.58115435
0.72778136,0.37739778,0.8218168,1.6214981,0.21270834,0.3354823,0.56946564,0.22264898,1.3229682,1.2271303,0.07643031,0.022218257,0.66258734,-0.45043302,0.5607484,1.2493403,1.1451224,0.6668944,1.1443158,0.23774311,0.2282893,0.2964901,1.0351878,0.62698007,0.433019,0.90537095,1.1443521,0.7741768,-0.33127886,-0.27211162,0.83526945,0.19133471,1.1833104,0.38380796,0.060369227,0.94234866,0.83713585,0.122953184,0.2337929,-0.51211095,0.2641828,-0.4396472,0.4322341,-0.1314187,0.79824984,0.47355407,0.6757164,1.5512048,1.418627,0.029675122
0.88651955,0.34414756,1.0894624,1.8493779,0.15107375,0.60444146,0.60375464,0.4617597,1.3551952,1.5576935,0.075862005,0.14726016,0.8694748,0.051501986,0.6833071,1.5970197,1.5614727,1.1120334,1.6948073,0.20614374,0.2888204,0.086729154,0.9491649,0.5854911,0.46616098,1.3895917,1.0018536,0.94994384,-0.35109282,-0.030998833,0.9158598,0.15859677,1.8031886,0.33921602,0.8893692,1.391566,0.41359293,0.99548274,0.3576801,-0.13639219,0.29372156,-0.56537324,0.36543304,0.3000473,0.93047506,1.0201428,0.84329027,1.2986479,1.514209,0.3285348
0.93078566,1.627924,1.1642897,2.1340628,1.2116271,1.6133062,1.5623001,0.909315,1.9347191,1.7301764,1.4478375,0.7958643,0.9427612,0.7160677,1.2681739,2.2740414,1.7867279,1.6379759,1.7031476,1.3973016,1.1259087,0.7717558,1.1633972,0.9075221,1.5568638,1.3111577,1.6734388,1.2257378,0.8862222,0.39817354,1.4980282,1.3390611,1.7831393,1.114872,1.6403242,1.5134814,1.427598,1.0439886,1.3329691,0.88365126,0.80513567,0.6864558,1.5451102,1.1646545,1.0914248,0.8909629,1.493965,1.8793447,2.1304042,0.60546434
1.9156628,2.6455822,2.0561717,2.6463826,2.2596912,2.3525898,2.3395889,2.0376375,2.6604757,2.0775518,2.7868788,1.8186828,1.555451,1.1371181,2.0672946,2.926418,2.1255412,2.1348004,2.0914419,2.1989489,2.5663567,1.924049,2.2269034,2.046075,2.5115945,1.5695873,2.6669912,2.1463327,1.8356789,1.7011094,2.1774406,2.2284358,1.0183771,2.2976139,1.6038055,2.376743,2.485487,1.4264015,2.3339703,1.6888698,2.2019007,1.7906163,2.3413115,1.738433,2.053394,1.3828468,2.1471994,3.037928,2.9552782,1.1702311
2.278557,2.2931998,1.9993631,1.8261849,2.4763947,2.4768975,2.4416673,1.1033423,2.1921883,2.0450354,2.6812708,2.2679024,1.7465209,1.7123203,1.9897122,2.5195005,1.9470733,1.9499065,1.8842382,2.0494177,2.567693,2.074308,2.2066286,1.7204047,2.7185185,1.828489,2.5153193,2.3918128,1.9259862,1.3130589,1.9807341,2.2711906,1.7537274,2.2225702,1.7966051,1.9440478,2.4355123,1.9672067,2.2771041,1.6543636,2.1872132,2.1969922,2.0840533,1.9461313,2.0881586,1.8875523,2.556674,2.4953861,2.4679208,1.6502311
1.7178649,1.2830595,1.5136358,0.8050309,2.0033433,1.8519568,2.1081383,1.6411923,1.489757,1.2268665,1.5683323,1.8461201,1.6925002,1.1790782,1.7028292,1.549894,1.2635554,1.3368747,1.503504,1.4922644,1.7142864,1.8059356,1.7136918,1.3394778,1.9628391,1.6053647,2.0254762,1.7278023,1.7779591,1.4713789,1.3221219,1.3062291,1.4592847,1.8067609,2.1253998,1.2358449,1.8337951,1.1379032,1.7314286,1.9717035,1.8873403,1.9484735,1.6290499,2.3710704,1.5652004,1.3834959,1.805706,1.5981091,1.7442393,1.3351403
0.86548656,1.6359265,1.0739769,0.5557102,2.177723,1.3630847,1.9745873,0.05628515,1.3476619,0.78123844,1.6665663,1.6342431,0.6248039,1.0471346,1.3592966,1.0880665,0.8996086,1.1269522,0.7842198,1.7747515,1.7603794,1.9284755,1.5424641,1.4869269,1.9365052,1.0161248,1.7523038,1.3077575,1.6192296,1.5806983,1.0847872,1.3544716,0.3976072,1.8748018,1.1325649,1.208693,1.9516938,0.85518605,1.5679933,1.5262237,1.7596595,2.2592955,1.4524162,2.311657,1.3264686,0.9306777,1.2943518,1.4557363,1.2644402,1.0472093
1.1030698,1.241303,1.103749,0.51987493,1.7108591,1.2919677,1.3860722,-0.02225425,0.91405743,0.72554374,1.2813513,1.5156795,0.39855945,1.1319486,1.1661993,0.7232246,0.92732626,1.2202132,0.76404977,1.401857,1.5529963,1.5064852,1.3131851,1.2625707,1.5557549,1.2300688,1.1108847,1.3538964,1.4443262,1.6421632,0.845644,1.0943346,0.32130122,1.7085243,0.9394682,1.2387067,1.2808175,0.9603238,1.3476655,1.2657051,1.5088826,1.8728098,1.0268539,1.896988,1.0646068,1.252274,1.2053872,1.0566909,0.7423588,1.0470318
1.5752413,0.6323743,1.5139567,0.37073097,0.6161022,1.2247539,0.7602468,0.79340124,0.6783806,0.8865431,0.2869117,1.0243428,0.7769775,1.4682736,1.3078488,0.43562248,0.9503927,0.9206645,0.8051842,0.7261682,0.760109,0.8298382,1.3578815,1.3833052,0.51546925,1.6051759,0.5688343,1.4233867,1.1105841,1.4326788,0.90017855,0.7020993,1.0585836,0.99438214,1.2064296,1.1530783,0.5465922,1.3270892,0.84467584,1.3961666,1.3898591,1.1733564,0.40461496,1.3852336,1.5278473,1.6783413,0.95582694,0.47222462,0.14032055,1.4076008
0.5032949,0.82352436,0.9380009,0.25291926,0.5727225,1.2831948,0.9496966,-0.4083069,0.65523654,0.9080683,0.47942904,1.3052438,0.579212,1.3933237,0.85920525,0.26861095,0.55459386,0.7701518,0.06035406,0.8657927,0.87224346,1.1144873,0.6351388,1.1521349,0.4790785,1.214729,0.4272684,0.8269069,1.1747125,1.1268076,0.29369488,0.96915233,0.2665576,1.0963763,0.5573915,1.1663018,0.7584759,1.2658263,1.0495392,0.9815535,1.2899442,1.359914,0.9149115,1.1830803,0.49956372,1.3823403,1.0338717,0.33666474,0.21629481,1.4321404
0.5603697,0.6955807,0.93008083,0.12787269,0.14998561,1.1288377,0.8105333,0.2528466,0.6172237,0.72610646,0.53889334,1.1340258,0.27397087,1.2182684,0.8394425,0.15763341,0.51078653,0.8122954,0.30507523,0.8580541,0.9272997,1.0338178,0.7284147,1.0257477,0.27000347,1.0500731,0.12506412,0.8017592,0.72941077,0.83998764,0.17080443,1.0758983,0.26412576,0.855043,0.6391287,0.9789881,0.8043527,0.8184048,1.0083891,0.9128257,1.2489858,1.168796,0.904842,0.50217754,0.41769016,1.2137464,1.0407817,0.028782375,0.11255877,1.4655001
0.65689576,-0.10132018,0.9598192,-0.13301624,-0.5105845,1.0135965,0.56263447,0.53063077,0.5566766,0.47265768,0.014013611,0.9307975,0.54398274,1.3622582,1.0640256,-0.20267871,0.7824848,0.580449,0.41859195,0.59712255,0.23059514,0.48669848,0.8102773,0.6151946,-0.24355865,1.5544481,-0.54068446,0.95105726,1.031045,0.8015943,0.15973029,0.72983825,1.4936547,0.2725782,1.4600865,0.8096487,0.17886199,1.3978642,0.6067256,0.22237302,0.95072204,0.73400986,0.60366184,0.047387443,0.68890417,1.4481887,0.9140454,-0.49513638,-0.22758847,1.6543227
-0.09483285,-0.22870186,0.2278931,-0.54018533,-0.57679904,0.69325984,0.028266914,0.5326326,-0.34594065,0.042892143,-0.036565684,0.76145166,0.3142902,0.64946777,0.19817474,-0.62506443,-0.07286861,0.16013038,-0.15788509,0.0807067,-0.14066765,0.01803996,-0.12255118,-0.06727433,-0.38878906,0.7929533,-0.7550419,0.34479445,0.09510262,-0.07635077,-0.52323145,0.04006734,0.803199,-0.15722474,0.71876514,0.37287936,-0.314668,0.6783736,0.13752446,0.16654015,0.25598827,0.65039635,0.26806736,-0.2967549,-0.2542353,0.60343045,0.62394935,-1.1971877,-0.65449494,1.069964
-0.40934893,-0.55494547,-0.1372256,-0.8598011,-0.690551,0.11486115,-0.56348455,0.37889722,-0.67455626,-0.1597508,-0.32612485,0.3894408,0.29299942,0.13965768,-0.22371195,-1.03829,-0.26435974,-0.24148299,-0.3905213,-0.57139575,-0.5377557,-0.4549522,-0.6439588,-0.52427983,-0.7091874,0.23003906,-1.0342675,-0.016745377,-0.16025545,-0.6064792,-1.0635263,-0.4577487,0.6523028,-0.64003783,0.44068474,-0.033834044,-0.8313118,0.24733691,-0.4413705,-0.32081443,-0.1490963,0.26396245,-0.47896472,-0.5338885,-0.66127896,0.47651407,-0.06484752,-1.5531242,-1.1391488,0.6203071
-0.6577481,-0.89527583,-0.6975606,-1.4031141,-0.57488257,-0.59264624,-0.93580896,-0.12174884,-0.97270876,-0.7645142,-0.50681865,-0.13077457,-0.0037035416,-0.35447475,-0.65388703,-1.4349908,-0.96512145,-0.63650787,-0.9641047,-1.1637022,-1.0675416,-0.7594786,-1.032664,-1.2226459,-0.83914965,-0.3452533,-1.3417894,-0.6620659,-0.22963698,-0.4622055,-1.3452598,-0.4948467,0.09358563,-1.2165366,0.14836612,-0.87284786,-1.0206711,-0.01868558,-0.9581431,-0.50498205,-0.6712964,-0.15711088,-0.93607795,-0.48697472,-1.1383111,-0.029647583,-0.681916,-1.8295527,-1.4335691,0.12730137
-1.6354146,-1.7674547,-1.3942769,-1.7135544,-1.0324564,-1.0723482,-1.3451774,-0.89200145,-1.3333699,-1.1723676,-0.98031515,-0.83370656,-0.28374967,-0.7549196,-1.1634365,-1.729639,-1.3924623,-1.1658014,-1.4276183,-1.7977204,-1.7090954,-1.1773117,-1.6554048,-1.7564733,-1.3213217,-0.9530662,-1.4656337,-1.1542732,-0.8019093,-1.1174272,-1.6855718,-1.3155507,-0.49485412,-1.5386236,-0.32921916,-1.4746709,-1.3383704,-0.5173118,-1.5489409,-1.2619759,-1.1424925,-0.5290961,-1.2490675,-1.18598,-1.6439427,-0.6578345,-1.4650401,-2.0653365,-1.6673204,-0.81623805
-1.730282,-1.8300024,-1.5878214,-1.6149603,-1.26048,-1.2002826,-1.4088496,-0.92528695,-1.2697403,-1.2929546,-1.0360092,-1.0681167,-1.186684,-1.2466766,-1.3358501,-1.744973,-1.3804036,-1.2724667,-1.1694078,-1.9015058,-1.6139176,-1.2661566,-1.474317,-1.6523715,-1.6273278,-0.9146693,-1.5602496,-1.0347396,-1.3746394,-1.3318843,-1.8107316,-1.3290819,-1.0010164,-1.7251655,-1.2429271,-1.6968056,-1.476899,-0.99732625,-1.6880939,-1.534281,-1.3001606,-0.7383631,-1.4093024,-1.6559613,-1.465388,-0.9405075,-1.4966025,-1.4786739,-1.4903426,-1.203476
-1.7927936,-1.8896048,-1.750192,-1.5231867,-1.4763553,-1.323485,-1.6711583,-0.9251166,-1.3152372,-1.2668569,-1.5985634,-1.410586,-1.1149303,-1.5307589,-1.6100142,-1.6840905,-1.559595,-1.4153308,-0.81891453,-2.0794117,-1.8836292,-1.4170371,-1.4402018,-1.5555485,-1.8732371,-1.3080307,-1.2601572,-1.0749255,-1.5045091,-1.5830071,-1.3095632,-1.5943682,-1.4535563,-1.7816284,-2.0845525,-1.8499751,-1.2698289,-1.181026,-1.9957398,-1.9285408,-1.4275354,-1.1970506,-1.6822058,-2.047156,-1.3504058,-0.9890548,-1.6776266,-1.1380148,-1.5093689,-1.4170575
-1.6026095,-2.0523486,-1.7151004,-1.3767557,-1.733158,-1.7091533,-1.8284596,-0.8147611,-1.0274203,-1.1585099,-2.1182036,-1.6740239,-0.65735126,-2.1587756,-1.6164607,-1.7159493,-1.4558562,-1.3103126,-0.6037676,-2.3116803,-1.9043107,-1.7381558,-1.2092586,-1.7543361,-1.987643,-1.4386675,-1.1814585,-1.1309216,-1.4583856,-1.5591606,-1.2782689,-1.7508037,-1.3030654,-1.902484,-1.7399918,-1.9442312,-1.5546187,-0.9647629,-2.1100411,-2.0742035,-1.5405431,-1.7056553,-2.0845604,-2.1508377,-1.4462938,-1.1732798,-1.911537,-1.0602272,-1.646608,-1.6496987
-0.93424124,-1.085147,-1.4146428,-0.6813973,-1.4169946,-1.334037,-1.3421868,-0.48105383,-0.43279672,-0.39585984,-1.578548,-1.3525467,-0.3008261,-1.8386918,-1.1480545,-1.1446708,-0.62622213,-0.4688045,0.16185668,-1.7724053,-1.284952,-1.532478,-0.52780074,-1.473616,-1.392318,-1.3954208,-0.9778267,-0.6278626,-1.0665095,-1.5280972,-1.0350475,-1.2474437,-0.6982377,-1.3879869,-1.3472416,-1.3535732,-1.2819542,-0.5225031,-1.6200135,-1.7449124,-1.1683434,-1.6659267,-1.591923,-1.9321069,-0.94647956,-1.1092201,-1.2615534,-0.4793921,-0.92533946,-1.397027
-0.27732244,-0.9542,-0.69460535,0.04193968,-1.0704441,-0.818811,-0.9831765,-0.47626224,0.005406868,0.2997526,-1.1951766,-0.9387669,0.20798214,-1.2086058,-0.6304406,-0.4621128,0.2047384,0.07896711,0.9120201,-1.2743893,-1.0254217,-1.4879441,0.117489375,-1.2506691,-0.861625,-0.70799404,-0.6617919,-0.20023195,-0.89973664,-1.0784526,-0.50611687,-0.8996546,0.063133486,-1.1945152,-0.76964927,-0.5853008,-1.3082818,-0.2570705,-1.1363676,-1.3090326,-1.0109528,-1.6358064,-1.1842804,-1.6001407,-0.49221557,-0.3499776,-0.7689633,-0.34485245,-0.28689113,-0.8314253
-0.31307626,0.35825372,-0.56678593,0.559516,-0.2749276,-0.17982997,-0.25152433,0.007985975,0.36765054,0.6572223,0.297862,-0.5722568,-0.3558319,-0.49629042,-0.30597365,0.269584,0.52362037,0.017815406,0.63383824,-0.3668162,-0.41452968,-1.0076952,-0.3043463,-0.9144833,0.08086466,-0.43186456,-0.21944813,0.19600108,-0.20088604,-1.1181376,-0.030441068,-0.25100347,0.13049568,-0.33059043,0.30908194,0.0027208212,-0.7664471,0.14286284,-0.37871855,-0.87503964,-0.44840664,-0.99889475,-0.45575696,-0.992537,-0.12242763,-0.1853251,-0.2914294,0.09073062,0.35199323,-0.4921603
0.27355587,0.4742226,0.0074472665,0.6563014,0.3627589,0.2889921,0.19660868,-0.30798176,0.4628312,0.5909936,0.37581703,-0.19133216,0.49514344,0.21576723,0.22649965,0.56805736,0.5888059,0.06366972,0.4019396,0.10238582,0.0116474135,-0.4023171,0.022369023,-0.33558184,0.5821191,0.019292837,0.44461697,0.33838132,-0.2214629,-0.8955595,0.44525182,0.30896205,0.59864,0.051558297,0.55000716,0.39663368,-0.002933084,0.39980063,0.28758726,-0.048494335,-0.19678262,-0.40955794,-0.16831785,-0.59882385,0.21631154,0.1734534,0.2883734,0.53167415,0.6030702,0.28268084
0.18656719,0.2729386,-0.008004545,0.0053696358,0.4241986,-0.16786203,0.17198779,-0.23962183,0.21467574,-0.2523057,0.20856854,-0.48209146,0.49811724,0.11893126,0.07850328,0.28790408,0.04842403,0.24740882,-0.34752876,0.023490287,-0.26939225,-0.13247864,-0.4704013,-0.24165484,0.5381109,0.06997341,0.43074113,-0.18062146,-0.14063767,-0.19500203,0.40638143,-0.13709721,0.90713346,0.058573447,0.8655822,-0.14792526,0.049679987,0.4815482,0.16953892,0.16854702,-0.20714147,-0.2767527,-0.25003818,-0.82556045,0.07957726,-0.08012604,-0.050258532,0.43313625,0.4311216,0.09659289
-0.13039085,-0.21209612,-0.18337838,-0.3053156,0.5324773,-0.43310824,0.26007608,-0.52954465,0.16507432,-0.6572223,0.3030322,-0.51383656,0.19424437,-0.19050743,-0.028748032,-0.15676102,-0.3595196,0.01558138,-0.4462229,-0.14526382,-0.28388944,0.18898344,-0.46305126,-0.36514598,0.4837798,-0.13228868,0.3219117,-0.5648002,0.061469033,-0.028237998,0.17090681,-0.1970103,0.64408857,-0.10774049,0.24349275,-0.562054,0.15604287,-0.16268401,0.08457748,0.4008046,-0.54511064,-0.18672335,-0.27154714,-0.8493466,-0.18125468,-0.43174985,-0.2492975,0.32001263,0.3132721,-0.058890972
0.2905804,-0.021081727,0.03352114,-0.085801125,0.6283804,-0.30538112,0.2732878,-1.1195272,0.25455138,-0.2957254,0.028969778,-0.53532577,0.21391146,-0.26869446,0.109342076,0.038082995,-0.12764926,-0.051401515,0.008709141,-0.26703736,-0.18616942,0.1599005,0.015116079,-0.2137168,0.39586318,-0.019422637,0.19730625,-0.17207062,-0.34884766,0.46465957,0.5516249,-0.09323362,0.5138901,-0.31654793,0.35555246,-0.36389926,0.073313065,-0.16047183,0.10381528,-0.10865546,-0.4773687,-0.2766698,-0.071335755,-0.75310457,0.2048022,-0.1351474,-0.22942376,0.35478663,0.4487525,-0.09858654
0.040534046,0.53099597,0.09345391,0.13544671,0.8886911,0.10848861,0.668574,0.35877258,0.33067614,0.11502972,0.43968916,-0.30818927,0.5247535,0.0063370955,0.355928,0.41839287,0.035159536,0.1502666,0.2341539,0.07003179,0.30477202,0.4088965,0.14898352,-0.091712385,0.70887697,0.06810903,0.38944623,0.0012024606,0.14096463,0.3274736,0.9927645,0.46178928,0.56027085,0.092856176,0.52823603,0.06865492,0.4265743,0.14169775,0.56692594,0.25985953,-0.1964836,-0.07833778,0.30589297,-0.13352123,0.26205665,0.105341524,0.1799341,0.55283946,0.7118063,0.1652016
0.4644771,1.195981,0.29098377,0.44705513,1.3214325,0.51622754,0.96658504,-0.33894604,0.36830992,0.62057316,0.9161242,0.04722001,0.1773139,0.72797686,0.6010952,0.96782815,0.471217,0.290783,0.8576376,0.49247277,0.783664,0.8933771,0.4206985,0.38761723,1.1064588,0.39891925,0.5169851,0.46627265,0.1535418,0.24857189,1.4876366,0.9739822,0.39895824,0.7847573,0.9036711,0.2913252,0.7658577,0.63445437,1.0100838,0.3863372,0.16757137,0.42027524,0.9101165,0.020620815,0.7355678,0.16278471,0.661361,0.69842,1.0342354,0.45379034
0.79913926,1.2986577,0.5298198,0.2763761,1.0956502,0.5049159,1.1406212,0.18661626,0.31316975,0.6703414,0.8254169,0.16190664,0.7118827,0.7476323,0.7690036,1.1370878,0.52177715,0.31880298,0.84064484,0.61775887,0.7429394,1.2897365,0.9889798,0.68643355,0.98632044,0.6547765,0.63507855,0.7651509,0.7758395,0.27319336,1.8915439,1.2589452,0.4311802,1.3242527,0.87334853,0.49048087,0.9902878,0.38825303,1.2440754,0.19941385,0.31864688,0.46274015,0.93653005,-0.053256,0.9917793,0.10866559,0.8842932,0.45865047,1.0429854,0.29556128
0.96576774,0.65516114,0.49817315,-0.12391612,0.4862717,0.18665153,0.96852076,1.0846019,0.09702691,0.43889266,0.51580065,-0.09192162,0.27192754,0.5411252,0.66829836,0.9300639,0.41974387,0.47454104,0.88726854,0.28016832,0.23459192,1.3276353,0.83424115,0.6487234,0.5531573,0.62606734,0.48169822,0.6319005,0.2603061,0.69728,1.8221129,0.9857468,0.47779065,1.0932896,0.8810936,-0.012885132,0.8505102,0.15432195,1.1081927,-0.18317918,0.1789483,0.27447245,0.45152366,-0.2720446,1.3413459,0.07787833,0.5746738,0.20523761,0.74900126,0.11116428
0.45722038,0.50714344,0.04826369,-0.318052,0.17233323,0.01208883,1.1104698,0.446597,0.024627624,0.3292618,0.04420317,-0.21124741,0.36944196,0.25863725,0.35762054,0.8960073,0.078656755,-0.31132466,0.3849043,0.43248472,-0.18115571,1.4185404,0.33783743,0.55219465,0.36180088,0.42293203,0.47240898,0.26563987,0.32968763,0.28124982,1.7392873,1.0099338,-0.14623515,1.2234055,0.5511742,-0.1528312,1.0302423,0.30044407,1.1377444,-0.40053505,-0.03605308,0.1980107,0.52588713,-0.6994211,0.84233886,-0.40082014,0.32908437,0.27021194,0.83907443,-0.067283094
0.056487344,0.8212185,-0.1292886,-0.56893647,-0.0029071386,0.119731225,1.1071925,0.36211604,-0.06456921,0.2955847,-0.13945691,-0.36931017,0.056866694,0.23972258,0.28982,0.8207808,-0.07645175,-0.1708272,0.43274784,0.40213394,-0.29129174,1.5000821,0.42793757,0.57836723,0.28521618,0.37906,0.5522569,0.19690663,-0.00032696294,0.36990327,1.7816727,1.0382365,-0.36696592,1.3831313,0.2113029,-0.082794726,1.1016889,-0.052473,1.0260514,-0.37661737,0.0052897786,0.1416672,0.4413857,-1.1383961,0.70888895,-0.438398,0.040701233,0.3018907,0.8782752,-0.07332667
0.7161936,0.4799968,0.13481072,-0.6239705,-0.3300333,0.06308642,1.0122013,0.00947669,-0.05607977,0.6031455,-0.3006758,-0.27278253,0.50767714,0.22441532,0.49909568,0.801991,0.25516072,0.152955,1.0083455,0.3594755,-0.5086077,1.3587227,1.1063305,0.6583716,0.03068045,0.63561344,0.19429217,0.53637165,0.3592015,0.579549,1.6851964,0.92324024,0.08778972,1.3589137,0.7198049,-0.040248416,0.9261108,0.8597137,0.96047336,-0.34271026,-0.123138644,-0.17899114,0.2472982,-0.9540333,0.9208584,-0.09397635,0.13914527,-0.08778235,0.61484355,0.2278398
0.7014959,0.41773984,-0.054123558,-0.7978902,-0.36001417,-0.029444935,0.8700167,0.012010906,-0.23120955,0.3849038,-0.40258288,-0.39916646,-0.74346316,0.18559557,0.19259937,0.6111063,-0.14861406,-0.33538777,0.8484178,0.3531364,-0.7921187,1.0396085,0.4433865,0.49853316,-0.0715064,0.6221852,-0.024656981,0.35702688,0.40388644,-0.018615445,1.5575453,0.7934724,0.18224001,1.1608181,1.2462585,-0.32944492,0.610713,1.1557186,0.7044107,-0.3882692,-0.13189562,-0.4132582,0.22518644,-0.76971674,0.83792716,0.021828093,-0.19550607,-0.52824175,0.3397984,0.16657941
0.37812194,0.2609445,-0.26607513,-0.8769086,-0.4930442,0.07498528,0.77285427,-0.7108795,-0.4823322,0.1481089,-0.50568205,-0.43921235,-1.3326365,0.12283659,-0.05727205,0.66982454,-0.22473851,-0.46795255,0.5888741,0.48893276,-0.68441856,1.0108503,0.19306977,0.5059668,-0.07397903,0.5432202,-0.07021594,0.23122872,-0.21910878,-0.2768099,1.3737215,1.0105164,0.016212322,1.3114059,0.906854,-0.40375292,0.61469865,0.58947325,0.76085305,-0.36002326,-0.05690606,-0.3416887,0.27188963,-0.905352,0.61664724,-0.15705463,-0.13377295,-0.63048875,0.27101895,0.092396826
0.31877798,0.28057298,-0.14850625,-0.59612375,-0.68670183,0.3532529,0.8071126,-0.48405653,-0.2969821,0.3671947,-0.42096275,-0.15599172,-0.8529639,0.38528255,0.13204183,0.5102786,0.20773584,-0.4506862,0.84217674,0.79714674,-0.7153404,1.0437472,0.5132394,0.6470973,-0.21529537,0.8108066,-0.15670186,0.48705593,0.46964958,-0.35027066,1.3158425,1.0850319,-0.07608983,1.4235873,0.4390084,-0.11796804,0.5187068,0.54025954,0.7392982,-0.60331863,0.057810232,-0.31895852,0.06825326,-0.8901377,0.88502216,0.16056865,0.13715985,-0.7640082,-0.006962248,0.21958338
0.33518052,0.014939348,-0.20946914,-0.5886063,-1.0161343,0.02557651,0.51094496,-0.47157714,-0.33591816,0.17311613,-0.5932567,-0.48779097,-1.3454255,0.008559508,-0.1441384,0.3208702,-0.23764125,-0.36070043,0.6707173,0.6592922,-0.8923929,0.8175053,0.21424614,0.56757295,-0.41032192,0.48184896,-0.026834374,0.128307,-0.53486776,-0.16555314,1.1568971,0.8031134,-0.26831394,1.1747142,-0.013580424,-0.38811877,0.32004297,0.06466951,0.35245028,-0.7228022,-0.074099615,-0.57239026,-0.31357867,-1.1222229,0.7266609,-0.018519847,-0.2843831,-0.6277221,-0.25248688,-0.04468491
0.055312444,0.11893349,-0.20989132,-0.2762819,-0.77599484,0.21770255,0.8036509,0.20507982,-0.038161278,0.13491943,-0.4605779,-0.62577283,-0.49528942,-0.020557312,0.012196135,0.2740969,-0.021188745,-0.5830238,0.63002264,0.7902588,-0.5411613,1.0588826,0.13761179,0.75657296,-0.25082126,0.24865931,0.25406972,-0.004468403,0.0024849183,-0.5965338,1.2666488,0.67259383,-0.8704531,1.0942779,-0.16387752,-0.052090332,0.81593066,0.18485008,0.49496624,-1.0582038,0.061519485,-0.2893564,-0.11061357,-0.8891788,0.74870545,-0.09693636,-0.2800132,0.06370337,-0.124419294,0.039340675
0.4479709,0.23232529,-0.2708711,0.1394598,-0.7352299,0.27603978,0.70886457,-0.14468457,0.17712438,0.33561036,-0.6469686,-0.3854147,-0.023735506,-0.08236614,0.051173985,0.4356896,0.256246,0.058255047,0.80630475,0.41267166,-0.1869262,0.86829376,0.7540982,0.56806856,-0.2667769,0.25416985,0.32389757,0.24035852,-0.056346614,-0.341859,1.0773817,0.73660386,-0.46532068,1.0677179,0.10261708,0.24820091,0.5653555,0.37319544,0.28342986,-1.2123883,0.06306441,-0.28030786,-0.18612781,-0.8804106,0.73100305,-0.1249219,0.12204531,0.28598216,0.043764777,0.057304405
0.96378654,0.2524382,0.55148613,0.52057207,-0.77199954,0.48560828,0.6050348,-0.0018527461,0.7072612,0.9245991,-0.53474885,-0.25911358,1.0935117,0.34614876,0.68572146,0.6336373,1.2648131,1.050219,1.4861851,0.09610162,-0.29544225,0.52128434,1.3088028,0.71880084,-0.26475886,0.89501065,0.123395786,0.64076304,0.3441394,0.4712791,1.2245876,0.54872715,0.92369705,0.6208834,0.711211,0.46062234,0.35705036,0.92637414,0.2039101,-0.3196762,0.14703164,-0.50721586,-0.1923065,-0.77407193,1.2413942,0.5047529,0.31916696,0.38002416,0.39554,0.311594
0.73367894,0.6704687,0.26720658,0.8153179,-0.20247652,0.8916721,0.7894355,0.50801444,0.8495871,1.0537679,0.15559128,-0.0008615581,0.76893187,0.30897167,0.6755414,1.0349851,1.3855716,1.0080944,1.5117877,0.39465603,0.13760503,0.49368617,0.8646258,0.56218356,0.11283132,0.85428923,0.27061692,0.86942357,0.518912,0.10612257,1.138571,0.82602245,0.65936863,0.82045525,1.0803864,0.73488957,0.22450022,0.9468295,0.45186988,-0.37399644,0.3600894,-0.337522,0.15169978,-0.21438716,0.99986506,0.40333694,0.6690399,0.44824073,0.5394216,0.32698998
1.0569491,1.706496,0.5564341,1.3334407,0.81679225,1.4909326,1.4460574,0.9980126,1.2439423,1.3443407,1.5179194,0.8749122,0.80131507,0.99115556,1.1179376,1.6449002,1.3522553,1.457853,1.490256,1.1251189,1.3383055,1.1806895,1.159431,0.7929358,1.2825359,0.87905717,0.81349385,1.1531152,1.1427137,1.0414155,1.5164907,1.765331,0.90263456,1.2606406,1.4796083,1.1973586,1.0298634,1.440235,1.2815315,0.42255068,0.71575046,0.64392865,1.0762286,0.50633633,1.2558956,0.73932177,1.3796765,0.8681487,1.1171283,0.77099997
1.8757508,2.3146496,1.3391907,1.8247906,1.4139737,2.1290329,1.8460958,1.5276212,1.6365007,1.6649151,2.0137184,1.9425318,1.6569061,1.77735,1.8669792,1.854105,1.7931191,2.0670602,1.7643954,1.4386429,2.1011343,1.694021,1.7666119,1.3007145,1.8803002,1.4578896,1.3580391,1.8169031,1.9701698,1.9583997,1.7845223,2.172958,1.3611596,1.5926341,1.493316,2.012435,1.4236124,1.7947595,1.7404318,1.5292639,1.3841777,1.3494766,1.8022997,1.1769807,1.7073623,1.4770607,2.1454864,1.4512403,1.6499801,1.4520769
2.0383823,1.587795,1.524697,1.4068633,1.903185,2.080574,1.9167631,1.3592342,1.5580187,1.4515095,1.7099515,2.0154827,1.6088331,1.9986571,2.0124617,1.545163,1.628088,1.7293627,1.3565125,1.3922935,2.1236606,1.8631642,1.5771617,1.2285929,2.0124247,1.5697644,1.3602972,1.9910817,2.2455597,1.5882219,1.7776629,1.8397713,2.0318363,1.2791606,2.1760507,1.4734021,1.5086999,2.1502724,1.7780336,1.4158608,1.5644361,1.750359,1.7586106,1.9808922,1.855926,1.664301,2.2913277,1.4248616,1.3645716,1.8002247
1.1266023,1.340046,1.2005129,0.61780953,2.0066888,1.3328453,1.6237293,0.24040978,1.014035,0.6043941,1.4111608,1.9098423,1.0481205,1.1726123,1.4347383,0.5821162,0.68446535,1.2144767,0.8944174,0.93221587,1.9704822,1.8549423,1.1252326,0.8568805,1.7633442,1.1697241,1.3656398,1.0276288,1.606369,1.520638,0.9479048,1.1027727,1.6344317,0.85845906,1.4093721,0.9122927,1.3434508,1.4737421,1.4307998,1.7196618,1.3211062,1.9466803,2.0125258,2.3435297,0.9620666,1.2432674,1.5384133,0.96133476,1.1987276,1.3236796
0.89619523,1.1855371,1.037568,0.5015428,2.229629,1.0879256,1.3218981,0.6806819,0.94194895,0.48498544,1.5744451,1.8400395,0.20827405,0.7480833,1.3104622,0.1161783,0.42504966,0.94934714,0.97477126,0.9807469,2.4507458,1.7946606,1.3499768,0.7858274,1.7758403,0.5578285,1.2699252,0.94523793,1.1403813,1.388441,0.54304206,0.96,1.0725802,0.77172744,0.86063814,0.8205179,1.2871608,1.0856956,1.2351515,1.6904423,1.3354306,2.1556466,1.8388102,2.528239,0.69878525,1.0759398,1.2654074,1.0116888,1.0956311,1.0460507
1.468383,0.6920542,1.1062821,0.31554615,1.6943258,0.9621327,0.75286263,0.77112573,0.6603137,0.6074364,0.86691713,1.4353392,0.7260766,0.9459585,1.1876546,-0.032479595,0.6524583,0.65776896,1.0605152,0.68916273,1.6435269,0.9057007,1.299747,0.7020597,1.2791762,0.67241734,0.9649236,1.0417911,1.2449441,1.3588468,0.28512907,0.5280357,1.0667979,0.37589,0.7276985,0.84373647,0.63880885,1.4421521,0.51976484,1.7352674,1.131557,1.7086508,0.80277723,2.1139975,0.72830313,1.1326548,0.91798705,0.8913458,0.65323037,1.2017746
1.2676709,0.4496531,1.0382266,-0.0042015044,1.0238974,0.73712504,0.262022,0.7173961,0.24134742,0.48651543,0.37035576,0.89179546,0.2767622,0.9339526,0.8782959,-0.38369876,0.4190548,0.3787998,0.87308425,0.34482148,0.85033214,0.31934628,0.7496327,0.4359668,0.64345783,0.64676434,0.63425696,0.6146207,0.831554,0.835354,-0.09531604,0.019507458,1.166328,0.12466225,1.0616283,0.47648203,0.1099696,1.724943,-0.0114261685,0.65392464,1.0374516,1.1931326,0.32026425,2.0715775,0.6703946,1.0084927,0.38510454,0.42632324,0.4285053,1.1547724
0.27428153,0.572365,0.41157547,-0.10744923,0.79131013,0.59136826,0.24551249,0.34265155,-0.21368667,0.20923768,0.78182364,0.91921616,-0.13046318,0.59579974,0.3474156,-0.42444924,-0.035710786,-0.0111701265,-0.12128968,0.3370966,0.9470352,0.366497,0.2958175,0.23498008,0.637681,-0.023599802,0.46276194,0.16683027,0.402535,0.1174888,-0.60365117,0.11234642,-0.007390117,0.32348987,0.18312353,0.36005062,0.20502117,0.9522862,-0.0046340195,0.8288667,0.8093504,1.4320432,0.6331168,1.5047419,0.09871311,0.3201084,0.28289402,0.40603983,0.4907004,0.8872162
0.37879002,0.16400343,0.44144896,-0.4082242,-0.019814016,0.3601435,-0.26732716,0.37176308,-0.41947734,-0.18908417,0.23691458,0.63907725,0.14746663,0.26333973,0.16166101,-0.5671346,-0.14587504,-0.0024233493,0.0072197923,-0.05519943,0.28493002,-0.15779398,0.4013527,0.021681415,-0.038907733,-0.03921107,0.02901681,0.09174329,-0.040695988,0.011786015,-0.43003127,-0.1458737,0.1786598,-0.03468534,-0.13196352,0.24839827,-0.35299456,0.60892576,-0.3627378,0.5144323,0.51237524,0.8829221,-0.054895785,0.7916083,0.14488962,0.13535318,-0.07647783,0.20598117,0.07611961,0.7318159
0.38381216,-0.6015849,0.20183611,-0.8796782,-0.7264111,-0.1492625,-0.6976909,0.42395943,-0.6115036,-0.50520927,-0.3374494,0.17729871,-0.34917283,-0.36480573,-0.08176388,-0.8695841,-0.3477366,-0.5891011,-0.15616879,-0.65406454,-0.3555713,-0.6821778,0.11068021,-0.2392544,-0.58908236,-0.41810587,-0.5084015,-0.05240353,-0.14194551,-0.18216658,-0.5731589,-0.5939626,-0.0709154,-0.6064871,-0.19782858,-0.4289452,-0.7866139,0.28963387,-0.6856098,0.061748654,0.15332527,0.31575575,-0.6637362,0.14205836,0.01919151,0.054039963,-0.22585195,-0.28411463,-0.45263332,0.5281921
-0.54155976,-0.51074743,-0.43952382,-1.123535,-0.8910948,-0.49562475,-0.73348546,-0.07709128,-1.0327117,-0.706375,-0.38754356,0.22973777,-0.25855464,-0.5264782,-0.46634036,-1.0655018,-0.72010726,-0.6317369,-0.27754357,-0.5704353,-0.3970408,-0.62570083,-0.31569028,-0.41684067,-0.740389,-0.7735897,-0.6660157,-0.26691657,-0.49744144,-0.69862,-0.85583085,-0.6147292,-0.6425484,-0.5238426,-0.6702788,-0.51733667,-0.7735062,-0.1865461,-0.570792,-0.22135462,-0.12978113,0.3694044,-0.55608183,-0.17906031,-0.59763664,-0.11640594,-0.42430696,-0.24489659,-0.49981382,-0.06441265
-0.65120554,-0.65382415,-0.5178974,-1.0664474,-0.79009205,-0.6905312,-1.0111772,0.8253239,-1.1226009,-0.8473616,-0.23597202,0.28547394,-0.979906,-0.7833439,-0.65660006,-1.1148251,-0.8482044,-0.52160704,-0.22364336,-0.647698,-0.15739971,-0.7939346,-0.34131828,-0.65655196,-0.89411277,-0.8016971,-1.0527754,-0.31102163,-0.6575879,-0.59813213,-1.1571702,-0.9391582,-0.31755885,-0.6965006,-0.80500084,-0.91171473,-1.0778452,-0.9690545,-0.608844,-0.20377205,-0.31097206,0.26395208,-0.73346907,-0.4916072,-0.71256304,-0.060007468,-0.29777497,-0.66228855,-0.7764869,-0.2576715
-0.36209956,-0.55901456,-0.39608988,-1.1111566,-0.70765275,-0.80865633,-1.1150478,0.3853499,-1.1234417,-1.0017487,0.025906468,0.26835877,-0.47286746,-0.75867194,-0.6489588,-1.0695114,-0.9594884,-0.49832016,-0.32303253,-0.55764735,-0.19637421,-1.2047706,-0.40003523,-0.6808738,-0.81585383,-0.4726096,-1.1625121,-0.2753041,-0.6447709,-0.9772705,-0.96066827,-0.41270113,0.2411718,-0.93295383,-0.61044,-1.0455565,-1.1823416,-0.536956,-0.7371269,-0.12128077,-0.47924826,0.08090827,-0.763198,-0.33106518,-0.60331476,-0.046758655,-0.25375497,-0.804869,-0.9777525,-0.18606709
-0.5522606,-0.39497235,-0.6117566,-1.220716,-0.5739081,-0.5971191,-0.9799299,1.3429002,-1.1484649,-1.0567048,0.16277134,0.18435685,0.42882633,-0.9303694,-0.47293624,-1.1404431,-0.93177074,-0.56240636,-0.65580964,-0.44251475,-0.44692957,-1.1602739,-0.99775827,-0.6859535,-0.71755886,-0.67844707,-1.0884151,-0.57639426,-0.20995381,-0.35903752,-0.84151465,-0.5240515,-0.33798638,-0.8255672,-0.5673222,-0.94387114,-1.1523231,-0.25264615,-0.46966448,0.42654943,-0.6545514,0.20936026,-0.5338879,-0.12360937,-0.7867266,-0.33899233,-0.16639622,-0.9001733,-0.99326134,-0.21871702
-0.7632242,-0.25666228,-0.74187267,-1.0838186,-0.5302036,-0.51267,-0.8753116,0.30457443,-1.0562019,-0.9734881,-0.13242932,0.4949651,-0.15423518,-0.8931198,-0.59788436,-1.2487532,-0.9222272,-0.14473833,-0.6186043,-0.52366054,-0.24176955,-0.9630128,-0.70056784,-0.73970014,-0.52102435,-0.58211267,-1.0691009,-0.8176732,-0.33718598,-0.26957682,-1.1639442,-0.43358052,-0.76342475,-0.7838179,-0.9751805,-0.71853644,-1.1524073,-0.8133168,-0.39914796,0.58377415,-0.7718236,0.19610357,-0.3871201,-0.36000362,-0.7971365,-0.5951915,-0.28776026,-1.094837,-0.9715025,-0.22984388
-0.28176865,-0.56612575,-0.5016688,-0.8648128,-0.845149,-0.44101778,-0.99779135,-0.06167302,-1.0317227,-0.87873495,-0.5992309,0.1581456,-0.07874131,-0.59882736,-0.47288644,-1.1820492,-0.62713516,-0.1502666,-0.38826597,-0.64885056,-0.5769549,-1.2060512,-0.59260577,-0.6936272,-0.75981516,-0.5573565,-1.1858283,-0.84924895,-0.50408965,-0.38477302,-1.153348,-0.59306055,-0.54846287,-0.8642786,-1.1858256,-0.6634715,-1.3351707,-0.7651649,-0.5500978,0.1917608,-0.7798472,-0.08833989,-0.5706175,-0.8075273,-0.45077083,-0.48585314,-0.37617984,-1.4828154,-1.0719827,-0.14987868
-0.55522084,-1.0113803,-0.6923593,-1.1843721,-1.1569599,-0.68213814,-1.0595074,0.68078834,-1.2533054,-0.8950723,-0.6659029,-0.20568042,-0.5063635,-1.0040714,-0.76482207,-1.4517338,-0.78009033,-0.52399254,-0.70934105,-0.62606007,-0.9060387,-1.2137442,-0.8536979,-0.84707737,-1.0091285,-0.8096738,-1.3191988,-1.1266907,-0.56723714,-0.65393007,-1.3686877,-0.7329768,-0.76686984,-1.0508206,-0.7864126,-0.92013097,-1.5401919,-0.7039612,-0.8159979,-0.07353526,-0.8350304,-0.36865813,-0.64162445,-0.75635076,-0.62918645,-1.0250814,-0.61277646,-1.7070395,-1.3306179,-0.5960493
-0.82498705,-0.8341814,-0.9586033,-1.2466975,-0.90801793,-0.93268776,-0.97142935,0.14479104,-1.3011265,-1.1644715,-0.6458597,-0.49803028,-1.2164948,-1.3744894,-1.0063056,-1.5028355,-1.2035896,-0.61710215,-0.9999058,-0.5430482,-0.7520918,-0.9923092,-1.0742263,-1.057604,-0.78370976,-1.0925882,-1.3525503,-1.4129654,-0.6646939,-0.2970883,-1.648459,-0.86419165,-0.80280715,-0.8532252,-1.2477014,-1.234407,-1.3390161,-1.0573797,-1.1368442,0.004837452,-0.96958154,-0.5277591,-0.69550645,-0.79462343,-1.0032609,-1.5039145,-0.8991255,-1.7393754,-1.3218096,-0.89457494
-0.14937355,-1.4664782,-0.6703215,-1.5003704,-1.191602,-1.2039266,-1.2447171,-0.18853289,-1.3287543,-1.3297619,-1.0797826,-1.0754895,-1.6220236,-1.4444633,-1.1081308,-1.7008839,-1.0375594,-0.6265116,-0.69186604,-0.77254504,-1.2006768,-1.3711855,-0.7023291,-0.9221028,-1.2405457,-1.0480672,-1.593228,-1.3980014,-1.2466879,-0.44357392,-1.7214901,-1.6383634,-0.53753304,-1.145824,-0.5346443,-1.2690868,-1.5689193,-0.94485325,-1.6200267,-0.33177733,-1.0671755,-1.0327361,-1.301648,-0.8382795,-0.8111509,-1.4006386,-1.1180868,-1.7295622,-1.666521,-1.2395078
-0.42569387,-1.3025717,-0.69332194,-1.4492176,-1.2273647,-1.2702079,-1.2831335,-0.5948593,-1.4327871,-1.2010679,-1.1482844,-1.2149626,-1.3786662,-1.2864707,-1.1948478,-1.7565656,-1.0404879,-0.7915265,-0.8889281,-0.62193006,-1.3974886,-1.3581567,-1.2064295,-1.006459,-1.2027912,-1.0339899,-1.6073207,-1.5395058,-0.9473643,-0.8929278,-1.6755556,-1.4984283,-0.7747869,-1.1897815,-0.9341846,-1.3447059,-1.4193882,-0.48064858,-1.6650827,-0.656935,-1.1778265,-1.0744029,-1.3389804,-0.9486615,-1.1329253,-1.3148379,-1.3299922,-1.8588105,-1.7547481,-1.1655862
-0.28654888,-1.3287107,-0.62018335,-1.2934982,-1.274902,-1.2973559,-1.3187335,-0.7870551,-1.3602229,-1.3944958,-1.342382,-1.0650846,-1.121644,-1.3398328,-1.1939766,-1.625389,-1.2445372,-0.6988902,-1.1666702,-0.7166184,-1.2310666,-1.2656647,-0.9558216,-1.0198318,-1.2037226,-0.9179379,-1.693484,-1.5990796,-1.2265906,-0.5714441,-1.6222326,-1.3216585,-0.7774349,-1.2566389,-0.99372625,-1.4607426,-1.490568,-0.54440373,-1.6249388,-0.18828622,-1.3488793,-1.2130228,-1.3659146,-1.2487665,-1.1588665,-1.0911593,-1.2260201,-1.7070568,-1.6363027,-1.1465473
-0.02020367,-1.5208296,-0.45176706,-1.1247032,-1.4949188,-1.2891183,-1.4284828,-1.1435276,-1.3268092,-1.2936932,-1.4582472,-1.0727724,-0.8970598,-1.1620076,-1.1387954,-1.3936027,-1.1758031,-0.5525805,-1.0037923,-0.9586699,-1.2155051,-1.4449507,-0.98437566,-0.9317201,-1.4349513,-0.93183815,-1.6730255,-1.5520055,-1.5116152,-0.13424754,-1.3694556,-1.1000477,-0.41284677,-1.5347805,-0.862272,-1.3665712,-1.5118716,-0.51886034,-1.5163969,-0.39174375,-1.2067815,-1.3608054,-1.3475155,-1.4503192,-1.1276507,-0.82253444,-1.3603575,-1.7442257,-1.5645872,-1.0317715
-0.2768617,-1.0720097,-0.63212264,-0.90682787,-1.4978098,-1.2767013,-1.344778,-1.3195598,-1.2975494,-1.3592184,-1.2612804,-0.656441,-0.62359977,-1.2233332,-1.2436323,-1.1046585,-1.2266216,-0.70131356,-1.2033933,-1.117243,-0.9294754,-1.3440421,-1.3798761,-1.254324,-1.3212885,-0.88192457,-1.5738482,-1.576025,-1.1967934,-0.12724052,-1.3814341,-0.647486,-0.60623276,-1.5693682,-0.5880535,-1.2788,-1.4576446,-0.49979135,-1.187911,-0.5752225,-1.4076436,-1.2832139,-1.018045,-1.3612049,-1.3888028,-0.93853676,-1.1549243,-1.672058,-1.2583355,-1.099587
-0.30565828,-1.0531175,-0.6518807,-0.6904598,-1.512995,-1.1003252,-1.385427,-1.2467278,-1.1650317,-1.3403134,-1.3452373,-0.45028007,-0.531814,-1.0913252,-1.0551896,-0.87621087,-0.9894282,-0.389667,-1.0701605,-1.4391917,-0.816395,-1.2701654,-1.199759,-1.3078384,-1.3291055,-1.0469462,-1.3872727,-1.3250818,-0.9143628,-0.5256724,-1.127514,-0.54395366,-0.66517806,-1.5888155,-0.25660634,-1.2468833,-1.4245527,-0.6406485,-1.0330156,-0.5388442,-1.3177956,-1.3455275,-1.0618848,-1.3893694,-1.3112574,-0.98591274,-1.1005198,-1.4517418,-1.0967503,-1.25505
-0.67068356,-1.2750763,-0.75354177,-0.6611623,-1.3554574,-1.3744136,-1.4229114,-0.8059872,-0.9389818,-1.1832358,-1.0637592,-0.36041293,-0.2151338,-1.2307734,-1.1202523,-0.6675597,-0.91600835,-0.61367536,-1.109848,-1.8957156,-0.70267606,-1.24614,-1.2392966,-1.4479933,-1.4027296,-1.0821335,-1.2003443,-1.077182,-0.8673455,-0.34169754,-1.2539195,-0.40146273,-0.9148884,-1.5918045,-0.37798136,-1.2304174,-1.3772864,-0.80551517,-1.0764563,-0.64465415,-1.3179665,-1.3621424,-1.017675,-1.2657484,-1.3631399,-1.231087,-1.1288509,-1.257424,-0.9895695,-1.3738339
-0.8060274,-1.5717512,-0.9700529,-0.70035124,-1.2740088,-1.5328982,-1.441418,-0.62541896,-0.90785927,-1.2586619,-1.343671,-0.41876692,-0.6009407,-1.424832,-1.2885091,-0.6467063,-0.92679226,-0.84709316,-1.0019058,-2.244475,-0.8557124,-1.3278952,-1.3943404,-1.5758129,-1.3333966,-1.250223,-1.1592511,-0.9953553,-1.065812,-0.18216658,-1.2848042,-0.44348457,-0.95379794,-1.6142163,-0.899703,-1.3856452,-1.2564827,-0.9766497,-1.2320005,-0.9470773,-1.3813655,-1.519046,-1.1412077,-1.3885838,-1.4071175,-1.3057283,-1.2113727,-1.0268278,-0.8912404,-1.5468013
-1.2098359,-1.1446332,-1.1942984,-0.5055559,-0.9700585,-1.3750007,-1.318375,-0.9000513,-0.7050523,-0.90054154,-1.257524,-0.6249444,-0.44309318,-1.2941203,-1.2435079,-0.5010514,-0.88500047,-0.63590205,-0.678008,-1.9686836,-0.99661654,-1.2465483,-1.2045435,-1.5199833,-1.0076094,-1.1529329,-0.8447788,-0.84423125,-0.73472935,-0.28565747,-0.95130044,-0.29903919,-1.0449922,-1.4594072,-0.41819218,-1.4132762,-0.9285386,-0.64455664,-1.1958286,-0.7715362,-1.3991287,-1.4223623,-1.048404,-1.3606157,-1.3516583,-1.1760577,-1.1091914,-0.6749203,-0.6417478,-1.4635795
-0.66870236,-0.49629253,-0.6361418,0.006085587,-0.5311456,-0.9351746,-0.98489714,0.2104677,-0.2277808,-0.14510171,-0.37752196,-0.07959471,0.36641344,-0.9971867,-0.5709533,-0.12107708,-0.50560135,-0.078739926,0.1104529,-1.5868155,-0.43013838,-1.0256795,-0.4329439,-0.926261,-0.541648,-0.60015476,-0.45230338,-0.15210384,0.14129159,0.47097236,-0.59018815,-0.14410712,-0.6332128,-1.0396817,-0.12769842,-0.5579093,-0.6602527,-0.5112357,-0.78138834,0.43986368,-0.9245081,-1.1825397,-0.5837969,-0.7609254,-0.8286028,-0.49159905,-0.7964576,-0.29575208,-0.03437519,-0.9405959
-0.14268123,-0.2774146,-0.046659403,0.49943265,0.10537159,-0.25806198,-0.48037368,0.7736386,0.1736297,0.3612155,-0.038630992,0.012260634,0.7603024,0.028037824,0.121612884,0.4403703,0.48291388,0.28135467,0.5594843,-0.75521547,-0.09034136,-0.8236486,-0.054334674,-0.30782962,0.106411375,0.11389264,-0.13247834,0.43054026,0.2214411,0.26187554,-0.15749499,0.10990329,0.035261802,-0.5869179,0.16334704,0.15235189,-0.42121333,-0.052546743,-0.14064911,0.53089166,-0.37855735,-0.5631551,0.008562482,-0.07591002,-0.042683363,0.20705822,-0.000749401,0.4104147,0.44873795,-0.21141045
-0.17723711,0.56926477,0.030245021,0.897935,1.0885041,0.17931189,0.26626202,0.4758789,0.60141516,0.5481542,1.187747,0.89283925,0.8004211,0.5600559,0.33200866,0.9828936,0.5272035,0.4130296,-0.16994172,0.18516438,0.7994619,-0.019181378,-0.10259518,0.0108097335,0.98180765,0.41851887,0.45021167,0.764468,0.60254914,-0.026897945,0.40252513,0.83438545,0.2511829,0.10427562,0.22271894,0.40294936,0.42561996,-0.15225725,0.5947433,0.7545976,0.22441335,0.25977504,0.7901733,0.8092024,0.11253266,0.46239465,0.55980253,0.7288365,0.9385808,0.22653505
0.25926125,0.57292694,0.38420126,0.83419645,1.4925638,0.34263197,0.30203608,0.5258179,0.8026067,0.3950157,1.1396211,0.9026809,1.2041254,0.97046137,0.6673277,1.0532045,0.74310476,0.9977005,0.15728936,0.21776539,0.9801919,0.1773744,0.25650182,0.3303938,1.1568869,0.6213828,0.8121481,0.7425417,0.91394866,1.06883,0.49024794,0.6699816,0.62447166,0.22303295,0.3823738,0.8773873,0.61253744,0.15387951,0.58051026,1.26903,0.5177647,0.6428403,0.7604854,1.0618622,0.5509452,0.5670555,0.5911995,0.8855271,0.95048493,0.6577898
0.29184744,0.47515267,0.63806695,0.99157387,1.4790514,0.6703256,0.59967846,1.0665216,0.8292619,0.65185857,0.7912353,0.92398787,1.7055082,1.1653733,1.1305568,0.8455264,0.8143713,0.79370373,0.07497804,0.29355997,0.9613077,0.57004976,0.3419146,0.618865,1.0241305,0.6030221,0.905388,0.6800434,0.79722285,1.3778335,0.6139233,0.63998747,0.68051225,0.366447,0.24253787,1.1418567,0.8200707,0.41609704,0.74861926,1.7399701,0.5350223,0.8018065,0.91881603,1.4637891,0.51438534,1.1492752,0.7244956,0.9882237,0.8167051,0.7155013
-0.073362134,0.9112615,0.54790604,0.96885186,1.9538082,0.5240335,0.8317437,0.8868265,1.0029246,0.70298094,1.4803141,0.993509,-1.5786209,0.94706166,0.7366714,0.83678573,0.53685045,0.20331523,-0.08164465,0.6001,1.56611,1.0581588,0.40999243,0.6507676,1.3210001,0.2509721,0.8582464,0.80884033,0.33925676,0.59608173,0.57785136,0.7679323,0.018792784,0.8114393,0.42508847,1.0368725,0.81882167,-0.55906314,1.2621745,0.9348863,0.6505146,1.1338456,1.1053274,1.7061328,0.63902575,0.5894693,1.0415895,0.6085713,0.6189424,0.053546738
0.05115422,0.6206515,0.23984925,1.253273,1.7902776,0.52474153,0.5407276,0.6982936,0.88342947,0.6867491,1.4362773,0.7150269,-0.42743978,1.123518,0.57817143,0.94647145,0.5359891,0.37455896,-0.48218003,0.5088556,1.0969262,0.6794681,0.16593017,0.57540923,1.1504115,0.12343876,0.94430894,0.7911894,0.700965,0.41564268,0.6518211,0.6202169,0.059958573,0.705846,0.70051646,1.0085788,0.79249406,-0.5320302,0.9981148,0.8320717,0.73927325,1.1706097,0.9187749,1.39823,0.40126815,0.99717504,0.58913624,0.63970536,0.362284,0.24702477
0.4803728,0.824125,0.6420354,1.761655,1.3501465,0.77770895,0.74726045,1.7408572,1.1407832,1.070457,1.2361917,0.97937614,1.1735848,1.2119393,1.3506845,1.083218,1.4369069,1.3674695,0.60478884,0.6886825,1.112062,0.7885616,0.9826838,1.0672057,1.1500235,0.72636646,1.091515,1.2797002,1.3255296,1.2594728,0.9554298,0.6378826,0.38492107,1.0513818,0.46090683,1.4505078,0.8671263,0.48284602,1.0645932,1.4739702,0.99759674,1.1915987,0.95983374,0.96267444,0.7880487,1.1936278,0.68348294,0.71597993,0.577009,0.66029495
0.73981833,0.9221124,0.96939427,1.4826977,0.9051595,0.4707045,0.6050451,0.7832431,1.0875387,1.0747656,0.9873289,0.7434915,1.2068985,1.1478678,1.3029703,1.008545,1.3545637,0.6784621,0.36504632,0.6262659,0.715565,0.328589,0.73561215,0.9847698,0.750723,1.259663,0.65530515,1.183904,1.3971344,0.7728558,0.9006734,0.6354583,1.3378813,0.67299074,1.5425239,1.2004883,0.39620492,0.8254838,0.81951976,1.1476892,0.92862314,0.90046984,0.7647324,1.2469645,1.1080695,1.3425623,0.6933711,0.064317234,0.30208015,1.2373263
-0.068063565,0.82092786,0.54956096,1.1163379,1.0062759,0.34639677,0.5985212,0.9146603,0.40324026,0.6467762,0.9685886,0.7807207,0.9913815,1.048415,0.6742969,0.5452747,0.5570917,0.27664047,-0.2802386,0.74252355,0.57187027,0.55527633,0.121913254,0.91241586,0.91748625,0.70877284,0.5813241,0.4366565,0.96526,0.7630718,0.51447797,0.30105007,0.28936294,0.6404404,0.14980905,1.0730186,0.51918393,0.12963398,0.8165804,0.75083846,0.48567715,1.0247447,0.9823565,0.97081876,0.4217122,0.57478005,0.15138873,0.06256211,0.08379407,0.96295404
-0.028980864,0.61559415,0.6065216,1.059382,0.7163254,0.4348352,0.5223439,0.46533743,0.52027917,0.5692573,0.7017201,0.5231646,0.18959214,1.1757365,0.5161205,0.3778437,0.7627259,0.48872143,-0.12094925,0.8791981,0.5260256,0.40434012,0.34567282,0.98848665,0.58648777,0.41799968,0.55562377,0.519938,0.38503158,0.810232,0.19687727,0.11730786,-0.21515103,0.5213781,-0.4436979,1.1261098,0.3875881,-0.6687432,0.6769905,0.40988046,0.54661286,0.9348398,0.8310814,0.6823006,0.43980426,0.3536341,0.2025524,0.16251796,-0.08895399,0.7472849
-0.2814922,0.37528574,0.3288787,0.7226776,0.7132396,0.42459422,0.58994895,0.09099752,0.42483476,0.44664806,0.48450223,0.25709224,-0.16983384,1.1651801,0.18602839,0.14503413,0.6201239,-0.25833282,-0.27144435,0.92265236,0.43741062,0.654459,0.27038366,0.9823384,0.43777576,0.10883048,0.6709551,0.2712662,0.4438631,-0.73396194,-0.03938228,0.20503503,-0.8011319,0.4887912,-1.1676618,0.89909744,0.67150784,-0.6743032,0.72327775,-0.32780853,0.7534838,1.0792433,0.64521384,0.83986217,0.36378974,0.055796973,0.45558715,0.37595195,-0.27395502,0.76049936
-1.0857573,0.4046994,-0.60403913,0.035854094,0.40808752,-0.20968938,-0.037043996,0.73811704,-0.278157,-0.18938313,0.52704203,-0.2102533,-0.97629374,0.5240464,-0.5815814,-0.28406224,-0.26697817,-0.7076559,-1.3364985,0.2330917,-0.005675897,0.3558345,-0.77688324,0.17072564,0.14765868,-0.3816206,0.40259123,-0.32206646,0.24214876,-0.6321986,-0.7388784,-0.5668815,-1.4429102,0.4317306,-0.73945403,0.08784164,0.20628422,-0.96952647,0.1501952,-0.43535572,0.27696228,0.47877464,-0.039716218,0.2622829,-0.608812,-0.4934985,-0.030861696,-0.0630117,-0.64580303,-0.024424827
-1.0485636,-0.35443652,-0.7268599,-0.18835175,0.12534802,-0.33962703,-0.41454044,-0.5554405,-0.44316536,-0.39306366,-0.15787837,-0.70221955,-0.9702184,0.12964876,-0.85265917,-0.6001679,-0.4827933,-0.621911,-1.100373,0.057243854,-0.48759502,0.00906638,-0.80099964,0.24061723,-0.28966248,-0.71883816,0.12519516,-0.30052608,-0.5964894,-0.528853,-0.7210813,-0.83305115,-1.8174013,0.18379691,-1.3501062,-0.07856547,0.24076551,-1.2158458,-0.24237247,-0.3631983,0.13101992,0.052073166,-0.79635197,-0.15788499,-0.72806656,-0.63594306,-0.5464204,-0.1814526,-1.0050201,-0.14244685
-0.93742037,-0.87324464,-0.55422187,-0.5705379,-0.3311052,-0.61827457,-0.3778754,-1.9394206,-0.20046623,-0.7148163,-0.70623887,-0.80366796,-0.874948,0.36154458,-0.85066795,-0.8563976,-0.33021712,-1.0862664,-1.0697066,0.05761432,-1.0014765,-0.41103086,-0.2777198,0.133573,-0.6209936,-0.517225,-0.39831203,-0.43116376,-0.8377445,-1.0187799,-1.0468212,-1.2942954,-1.1726913,0.027962996,-1.2673718,0.068147406,-0.20110571,-1.0070451,-0.32751927,-1.1094838,-0.19669007,-0.38658938,-0.7731579,-0.5676905,-0.6465131,-0.3555969,-0.5517051,-0.515489,-0.95794135,-0.070654556
-0.41676694,-0.63165736,-0.025280176,-0.42985347,-0.42432854,-0.41956875,-0.3848602,-0.71332854,-0.10365362,-0.19274205,-0.5855915,-0.5027688,0.13699456,0.2027629,-0.13443127,-0.6326139,0.020792533,-0.40557024,-0.7038092,0.07071784,-1.0105461,-0.2688084,-0.34492394,-0.02284292,-0.7635185,0.1543545,-0.6231583,-0.14656658,0.059441864,0.24508452,-0.3514544,-0.7283724,-0.021846104,-0.18528534,0.0009973124,0.12937292,-0.4145332,-0.017151799,-0.32550678,0.19465128,-0.35178807,-0.49773198,-0.65685886,-0.14818107,-0.29618105,0.24192935,-0.66445595,-0.55732673,-0.71827435,0.67822737
-0.7028666,-0.9822767,-0.7393565,-0.8191615,-0.61886317,-0.79546225,-0.8399268,-1.1878445,-0.6023053,-0.5577034,-0.71262884,-0.9189345,-0.61272633,-0.12476107,-0.8715507,-0.81601626,-0.5667386,-0.6270606,-1.2410809,-0.32495356,-1.1162834,-0.68427503,-0.93927705,-0.35885063,-0.90155286,-0.2131534,-0.7973902,-0.68997484,-0.59598804,-0.6598069,-0.7579553,-1.1703724,-0.6114342,-0.36889926,-0.0124982335,-0.27187064,-0.744428,-0.50197405,-0.60503083,-0.5341266,-0.7198086,-0.643483,-1.087216,-0.6260757,-0.86677706,-0.22785743,-1.0095404,-1.0562847,-1.0196278,0.14443006
-1.0157585,-0.9391832,-0.89767426,-0.8237775,-0.85538083,-0.82716954,-0.964844,-0.9408543,-0.64437336,-0.4996873,-0.6137989,-0.72220105,-0.81813604,0.00406637,-1.0328633,-0.9078181,-0.54003733,-1.0030205,-1.077125,-0.4792046,-1.1768736,-0.91205734,-0.96971726,-0.4447555,-1.088086,-0.26733854,-0.8150312,-0.85394,-0.67526567,-0.7738729,-0.9732781,-1.2014377,-0.73263484,-0.41196617,-0.38530207,-0.3455161,-0.89934814,-0.7261568,-0.8316344,-0.9077037,-0.90406805,-0.8280608,-1.2200509,-0.8289568,-0.9243098,-0.43200314,-1.0905536,-1.1056184,-0.9919532,-0.07493412
-1.0836263,-0.8485007,-0.92683846,-0.5735713,-0.9360499,-0.67680174,-0.81154716,-0.5265206,-0.58867276,-0.40261284,-0.6130781,-0.71149784,-1.2294298,-0.17734206,-0.95490754,-0.6966001,-0.51369786,-0.90958905,-0.91142434,-0.31198722,-0.87428916,-0.6772966,-1.0031668,-0.3463451,-0.9987612,-0.3666583,-0.6147713,-0.7802336,-0.6886712,-0.9559588,-0.70737946,-0.8736447,-1.3648884,-0.4800924,-1.4714177,-0.44443837,-0.56278723,-0.8826614,-0.67062205,-0.9800258,-0.8246359,-0.7224945,-1.088175,-0.8018667,-0.6462208,-0.38497537,-0.8817238,-0.61078465,-0.7785363,-0.17455402
-0.9916616,-0.8848706,-1.076797,-0.38964716,-1.3121102,-0.7964294,-1.0093644,-0.74880755,-0.59637094,-0.25480288,-1.090927,-0.7962785,-0.21706767,-0.840257,-0.9673775,-0.9039259,-0.723811,-0.67450523,-0.5517255,-0.7576578,-1.012438,-0.8283627,-0.9130389,-0.43530086,-0.9889705,-0.6519917,-0.5487388,-0.87494594,-0.9585464,-0.7471687,-0.6928926,-1.0560338,-1.146684,-0.5963487,-1.108311,-0.703875,-0.7318817,-0.73746836,-0.9844908,-1.3271242,-0.7926694,-1.0965527,-1.3579823,-1.2367176,-0.8579676,-0.5608664,-0.9812092,-0.42392832,-0.7753386,-0.516606
-0.28015605,-0.90351087,-0.50553596,-0.048910785,-1.4683973,-0.59135103,-0.9612389,-0.8925125,-0.22834127,0.07071312,-1.3099191,-0.7346771,0.6186374,-1.2003603,-0.5709533,-0.59565496,-0.0228425,0.24267572,0.51924354,-0.9637055,-0.92401236,-1.0795487,-0.11331512,-0.3283805,-0.91517997,-0.08072312,-0.62463003,-0.33648112,-0.8505178,-0.19752069,-0.41122743,-0.69087976,-0.6012745,-0.7911136,-0.7878555,-0.5900657,-0.9264897,-0.50250494,-0.9563689,-1.004273,-0.77729845,-1.4861168,-1.3085527,-1.4898741,-0.25885573,-0.25122094,-0.6042605,-0.4748184,-0.64453846,-0.5534833
-0.47256318,0.21521576,-0.45080447,0.4549306,-0.92901754,0.013314983,-0.35248637,0.26159924,0.24596304,0.47060013,-0.13922127,-0.4054459,0.0017331846,-1.2273513,-0.32307312,0.057560686,0.3768668,0.53684765,0.6901356,-0.2269996,-0.30759814,-0.7991499,-0.08585655,-0.22260618,-0.09656525,-0.024366794,-0.33696193,0.051304985,-0.10702587,-0.2544003,-0.3037452,0.10779844,-0.4123199,-0.27981296,-0.4023625,-0.17063637,-0.748582,-0.1725356,-0.43857685,-1.1667246,-0.3845021,-1.1765696,-0.438084,-0.9444218,-0.20751601,-0.111498974,0.068127364,-0.18737507,0.00204943,-0.5384735
0.3439577,1.31257,0.13486138,1.0827069,0.39980462,1.0730736,0.50390893,0.037672505,0.9253327,0.96647125,1.1746899,0.2694026,0.63255763,-0.41845766,0.38604498,1.0579859,0.65793633,1.1695501,1.1620604,0.8319156,0.88527435,0.027746648,0.35837588,0.5110464,1.1415633,0.17430814,0.5578566,0.6713887,1.1183659,0.5987941,0.61851335,1.2145929,-0.40817222,0.56024814,0.31805778,0.5498173,0.41649795,0.244992,0.61620545,-0.30959693,0.4240651,-0.12344574,0.59252375,-0.058639362,0.46950307,0.116928294,0.9288777,0.8549204,0.92313015,-0.11398253
1.4181157,1.7644126,1.2711859,1.8856465,1.1106081,1.9000531,1.1957622,1.0304676,1.4417216,1.6689599,1.8871247,1.2007635,1.7143202,0.43288726,1.3681574,1.5180352,1.5025232,2.0206,2.1326616,1.2325265,1.689206,0.68513805,1.4503254,1.2911128,1.8403502,1.2666249,1.2986598,1.5076332,1.3912927,1.9460809,1.0612739,1.6421973,0.19235921,1.2457075,0.7780946,1.3240954,0.97145426,1.1674579,1.2460084,1.1607639,1.3578641,0.7639851,1.2594521,0.8527083,1.2198507,1.4133967,1.8051902,1.6841882,1.6613464,0.8407464
1.5903422,1.6976991,1.6017702,1.5580422,1.9219596,2.0078337,1.705601,0.53689176,1.1902528,1.4323584,2.0587394,1.6538601,2.263101,0.9674418,1.5850743,1.4923333,0.9996092,1.7579128,1.5039296,1.870222,2.1260254,1.4018924,1.1666145,1.6539202,2.2520359,1.3979106,1.878618,1.4557939,1.9044065,1.8830177,1.1044102,1.7212982,0.20695029,1.6634444,1.7717148,1.3101529,1.4916066,1.4716185,1.7940805,1.108765,1.7689077,1.6782713,1.9333537,1.8409132,1.3008614,1.4186994,2.2167087,1.7483239,1.8744726,1.4499788
1.4580393,1.3109617,1.5819108,0.8254731,2.2278588,1.4055337,1.6874119,-0.39772284,0.8304817,0.772463,1.6182324,1.6884716,1.0321752,0.8426324,1.199577,0.9197127,0.3597263,0.6615176,0.8991266,1.8516575,2.1280355,1.8109838,0.9328007,1.3653716,2.0892754,1.4042472,1.449273,1.0594865,1.6777341,1.4714919,0.85327137,1.623855,0.72563654,1.4283332,1.520095,0.4186963,1.4377725,1.2847184,1.6876172,0.91176236,1.5071242,1.8598951,1.9506842,2.066021,1.1392853,1.2187009,1.8117207,1.1748638,1.4166794,1.2363033
0.92018855,0.7867476,1.424505,0.33159855,1.8586359,0.7706974,1.2381933,0.15241499,0.34645167,0.39207885,0.88643366,1.2346956,0.45798033,0.6120491,1.0224094,0.43384418,0.052093305,0.47944453,0.53663343,1.5310947,1.3831569,1.6021323,0.4789578,1.023719,1.4095377,1.4146901,0.92166805,0.6256061,1.4029762,1.0193611,0.14619903,0.8253647,1.0688379,1.0103523,1.4853376,0.024529682,1.0106369,0.85931545,1.2023295,0.60273457,0.9398933,1.433743,1.539918,1.9107698,0.6958905,1.0572459,1.1936303,0.3097931,0.90533936,0.9302728
0.8858861,0.21415004,1.353528,0.28719074,1.2549418,0.49876785,0.78480625,-0.3386479,0.040502056,-0.050524447,0.38016942,0.85463244,0.028807351,0.52056783,0.6853232,0.39678454,-0.055762574,-0.12508649,0.17197007,1.2408141,0.9419151,1.2720121,0.103621416,0.8436548,0.6508646,1.2008287,0.49877462,0.059647985,0.8278266,0.35835943,0.03656682,0.6930786,0.6516273,0.51369196,0.5225068,0.037583984,0.77298695,0.5352453,0.78631365,0.12927829,0.39113748,1.0872242,1.0532812,1.4901283,0.5273281,0.9069027,0.72298706,0.22611758,0.4212378,0.9934955
0.41961205,-0.084462546,0.9504637,0.31775054,0.68139106,0.052310094,0.2461065,-0.5545674,0.16486003,0.005715435,-0.30612323,0.36130762,-0.19150777,0.14365157,0.43268898,0.20762782,-0.18833865,-0.4112689,0.038169865,0.66951436,0.33752668,0.94373864,-0.13831906,0.60026544,0.022996478,0.69390494,0.51194483,-0.15183663,0.26483998,0.18486282,0.16372313,0.5258181,0.7096809,0.16814397,0.36461315,-0.44230965,0.76982933,0.82007134,0.32996866,-0.7051597,0.33532783,0.49527553,0.43719348,0.84580004,0.15390782,0.7477111,0.28852913,0.12829728,0.24641125,0.67174536
0.024315821,-0.24274988,0.6252664,0.3416784,0.24223447,-0.4597382,-0.15098219,-1.4533195,0.18050367,-0.33223385,-0.7614477,-0.17345484,-0.87091607,-0.6312617,-0.24232973,0.052661903,-0.7079108,-0.860024,-0.2384801,0.13568659,-0.3534783,0.44371438,-0.28803757,0.23838715,-0.39467677,0.20071632,0.37597358,-0.5506824,-0.5040679,-0.5956458,0.06562576,0.023623193,0.7728549,-0.22025129,-0.06302165,-0.93522936,0.32362163,0.32620865,-0.22702724,-0.51873064,0.17120942,-0.32452446,-0.16152267,-0.05218164,-0.22953267,0.35293764,-0.42343104,0.14618576,0.026046656,-0.045770455
-0.32209536,0.03518788,0.4145476,0.69394535,0.5040231,-0.08306753,0.25978932,-2.102079,0.51028967,-0.06123429,-0.34738785,-0.42090425,-0.9970007,-1.075116,-0.33146107,0.24790855,-0.5478927,-1.3850578,0.006042498,0.6208735,-0.16353677,0.5563528,-0.4077458,0.452042,-0.07069698,-0.023399202,0.7383183,-0.28772953,-0.97125435,-1.2479291,0.48255235,0.14508437,0.025656,0.0063685356,-0.7459472,-0.83336073,0.8725153,-0.32101738,0.10423896,-1.4201142,0.42360234,-0.19619685,0.22213134,-0.43256348,-0.04150042,0.14461309,-0.3608317,0.7526474,0.26652765,-0.23575178
-0.2731527,0.49204904,0.5084237,1.3883994,0.8646869,0.54095787,0.7081579,-1.8151162,1.2464644,0.5160774,-0.019308565,-0.70468825,-0.79038686,-0.75489545,0.016800798,1.0453196,0.29099208,-1.0838052,0.48249206,1.074022,0.24542342,1.0244824,0.3475866,1.05271,0.44126847,-0.06915922,1.3937645,0.1885191,-0.68027914,-1.5608236,1.034638,0.77394617,-0.083493456,0.58499026,-1.428809,0.33580288,1.6602379,-0.2189767,0.49078238,-2.06688,1.1113377,-0.21218987,0.53794307,-0.5693887,0.42456517,0.63266647,0.0273872,1.6013168,0.6816753,0.11906581
0.267762,0.8574334,0.6792886,1.7073181,0.6173041,0.5221856,0.4807731,-0.9352109,1.2494481,0.89679575,0.34902346,-0.39477584,-0.32487175,-0.6640986,0.0526425,1.3029082,0.7962317,-0.28107068,1.1484718,0.5909069,0.35755786,0.8650829,0.6037972,0.97013485,0.47064054,0.30009508,1.5905819,0.49501294,-0.45349762,-1.5043797,0.8450297,0.57257587,-0.1502477,0.9057717,-1.4326923,0.749988,1.3142743,-0.087956436,0.33302712,-1.8275983,1.236904,-0.15500681,0.23199531,-0.63106626,0.6557957,0.9550701,0.34619406,1.8677331,0.78010607,0.0027973733
0.8754271,0.29295462,1.4299427,2.0417051,0.3763364,0.81998533,0.668574,-0.63259566,1.7874315,1.6629982,0.21116057,0.03585407,0.501766,-0.0043401457,0.5034763,1.6427025,1.418285,0.24504228,1.7608918,0.5093221,0.45012227,0.94144654,1.2379652,1.1526304,0.4687445,0.86826026,1.5274526,1.117561,-0.42341703,-1.1377541,1.3155012,0.68302417,0.9814805,0.72018135,-0.9005943,1.113845,1.3582705,1.324228,0.54157126,-1.6626607,1.3153394,-0.27883604,0.4294393,-0.44607964,1.263035,1.6071428,0.564299,1.9669281,1.0377529,0.6702319
0.63663447,0.7920955,1.2156776,2.1538267,0.7210516,0.9742215,0.60373414,0.11288974,1.7168949,1.6216536,0.8559946,0.36631128,0.7424233,0.15432881,0.44262013,2.021838,1.4350809,0.28046483,1.396115,0.52618515,0.69632614,0.68992645,0.5877242,0.8937079,0.87881136,0.6569949,1.5983237,1.0319784,0.2708343,-1.0338111,1.1227362,0.78364354,0.8122103,0.75529367,-0.37484092,1.0720881,1.2599491,1.3969941,0.6189726,-0.8905105,1.2844551,-0.012821359,0.41379395,0.17642638,0.98551667,1.2482219,0.634003,1.7845072,1.2590041,0.4898013
1.0328983,2.4930885,1.4703707,2.7488577,1.9094703,2.0890362,1.5354055,0.81384534,2.2976716,2.0204854,2.3303068,1.1780813,1.8729521,1.3815674,1.4796649,2.6457448,2.1170828,1.4301169,1.5795318,1.6856202,2.0536578,1.416202,1.223182,1.462303,2.1539073,0.8667853,2.3417528,1.3971999,1.2811499,-0.13547459,1.676989,1.9871109,0.651938,1.4974965,0.11006509,2.3765597,2.319915,1.5963414,1.5078437,0.64764947,1.8461826,1.2266009,1.8977475,0.92750925,1.4463216,1.1934538,1.5512503,2.4660504,2.0998955,1.3778734
1.9892323,2.7170043,2.0182936,2.8179471,2.5841374,2.7931585,2.1651125,1.2211088,2.6200397,1.9394318,2.6999972,2.2150989,2.4971356,2.5222929,2.0476065,2.7450962,2.9654424,2.2807314,1.9761523,1.8393362,2.861811,1.9509234,2.3840969,1.8068671,2.7422357,1.473312,2.7259421,2.171807,1.8356136,0.7814128,1.9662473,2.354915,1.3758452,1.9749048,1.2011036,2.8990278,2.6292362,2.41131,2.084051,1.3507574,2.321857,1.8166218,2.1071653,1.8811613,2.1638253,1.9951257,2.739596,2.9238534,2.5390403,2.0153823
1.7246379,2.1953285,1.6763611,1.8136934,2.5307534,2.0964103,1.8907492,1.3118933,1.9426811,1.1985707,2.2334037,2.1135511,2.7731864,2.2037148,1.8999835,2.1286883,1.8655225,1.6322962,1.0206574,1.2220986,2.3119583,1.9860846,1.384924,1.428418,2.426971,1.1318346,2.6246328,1.7846445,1.9775809,1.0268525,1.6714945,1.8739188,1.540684,1.5376232,1.8893764,1.988314,2.3794048,1.7769884,1.8108689,1.2545326,2.1158402,1.8935603,1.8044232,2.348809,1.8131036,1.6615151,2.2351615,2.2418435,2.038834,1.8651174
0.7791314,2.276749,1.0331435,1.3506988,3.035621,1.90216,2.1751902,0.120087765,1.7268184,0.78359497,2.4340713,2.014389,1.7613351,2.160845,1.6616611,1.8679961,1.3750117,1.3686624,0.41015232,1.7075462,2.4324884,2.250884,1.2745628,1.546845,2.5966504,0.5101333,2.765483,1.3313614,1.9032078,1.175776,1.4005451,2.2326078,0.06497088,1.6387999,0.15551707,1.7912871,2.7673018,0.7177062,1.8192896,1.8462443,2.050818,2.5722837,2.2189434,2.2340488,1.3856715,0.9914133,1.8324898,2.222001,2.0714505,1.4665022
0.9456332,1.7440284,0.9883586,0.99543625,2.4689076,1.5816679,1.7579358,0.30120966,1.3165559,0.88812584,1.7609468,1.6594768,1.6232094,2.1515365,1.7398906,1.6023378,1.7448329,1.5552224,0.87516934,1.3855976,1.9099748,1.7964516,1.7770822,1.4241747,2.1159863,0.63782,2.4279616,1.3297285,1.4906459,1.2640904,1.2683551,1.7330065,0.44608206,1.595367,0.67223096,1.7698448,2.2241197,0.5159255,1.4707319,1.8913839,1.7061708,2.3157635,1.7146747,1.7922435,1.1317005,1.4129694,1.6296066,1.6516794,1.9116967,1.6657941
0.6353099,0.86291695,0.64975286,0.47529754,1.5923486,0.9137601,0.90349656,1.3927114,0.54434633,0.3941364,0.96020263,0.9649947,1.4520073,1.7577026,1.2494068,0.96381855,1.1363369,0.9010316,0.23396951,0.7093189,1.0523586,1.1896724,0.95548874,0.9847079,1.1795397,0.65483546,1.6946836,1.0832834,1.4329914,0.7766499,0.96949,1.1328045,0.5824412,0.9686274,0.6702788,0.9443223,1.3475767,0.8150718,0.9580372,1.2278292,1.3569386,1.6453629,0.85161763,1.6956433,0.7279691,1.0974513,0.9723722,0.68036723,0.9954125,1.4587572
-0.105982885,1.136553,0.2526329,-0.02368292,1.1319163,0.7381612,0.74226254,0.23368026,0.16400284,-0.03689533,1.1307917,0.704622,0.2473163,1.1978158,0.5143035,0.46214637,0.43369743,0.44307536,-0.24822469,0.79147995,0.9857614,1.2795659,0.18092144,0.9724269,0.92828596,0.17134635,1.2886952,0.57894766,0.9943161,0.6373005,0.8241953,0.70243764,-0.40780747,1.0923624,-0.44910884,0.5435862,1.1514812,0.28054917,1.0608594,0.6165131,1.2946644,1.535153,0.90175956,1.0156184,0.29906186,0.6304346,0.50376296,0.3345724,0.5259186,0.98932034
0.094326034,0.4906733,0.40831622,0.101552054,0.312087,0.6176183,0.36648667,0.5158514,-0.023984734,-0.111864254,0.37064683,0.4763422,0.58820635,1.1358378,0.39435828,0.048199315,0.4395028,0.61570114,0.18482101,0.5403315,0.59492856,0.94342315,0.5886118,1.0935795,0.31592992,0.28285542,0.83746535,0.5243619,0.58556885,0.2910661,0.59271353,0.54525036,-0.13637266,0.88525087,-0.3075966,0.6885087,0.8086471,0.13898414,0.6466443,0.25154752,1.2786028,0.99089307,0.41712305,0.25598693,0.40839362,0.7932509,0.3920438,0.17685296,-0.006642479,0.9521299
-0.02188539,-0.30553,0.30226445,-0.4869977,-0.42259073,0.38998565,-0.1391531,1.2708987,-0.56541336,-0.2766798,-0.12088299,0.24138537,0.46673748,0.920127,0.15031114,-0.70270675,0.03855318,0.40195414,-0.05729026,0.11727306,0.032340787,0.4278366,0.10590962,0.54217476,-0.2540257,0.21846336,-0.033406883,0.12989543,0.42858303,-0.007103899,0.112481795,-0.063465014,0.16371743,0.22672963,-0.031595703,-0.12450928,-0.056177683,0.24966708,0.30458748,-0.25584581,0.70638126,0.53522176,0.0011370976,-0.10004272,0.24518926,0.5570675,0.18905343,-0.71876395,-0.78016424,1.0814875
-0.23625855,0.25644913,0.16542725,-0.7938959,-0.35920215,0.20853232,-0.029649535,0.26950002,-0.70722824,-0.51037955,0.21591495,0.19751218,-0.21708593,0.5090612,-0.20872813,-0.7722124,-0.2862203,0.28673145,0.27273512,0.42746285,0.20845914,0.60240847,-0.119375415,0.5321858,-0.12977375,-0.26674855,-0.0022227573,-0.1414153,0.0030298566,0.13899425,-0.026550617,-0.10813672,-0.33119074,0.3809531,-0.84077674,-0.36404023,0.19107148,-0.16890761,0.2747709,0.28311825,0.6419499,0.6475045,-0.006219787,-0.36988083,-0.18137993,0.2698041,0.12801132,-0.44729832,-0.95935124,0.5011891
0.46118277,-0.24840784,0.6845068,-0.901835,-0.5098049,0.07032245,-0.31934443,0.07611166,-0.5418242,-0.28862068,-0.30412722,-0.06445117,1.1302005,0.4365349,0.14296857,-1.0725647,-0.22294694,0.12917589,0.2875151,0.37404713,-0.26046455,0.07359821,0.11857107,0.44041148,-0.612101,0.10256474,-0.42005575,-0.26454133,0.21677643,0.54528886,0.1437419,-0.15739399,0.4764126,-0.17952682,0.19396664,-0.41954216,-0.15337645,0.505897,-0.10083626,-0.25244612,0.484894,0.22151826,-0.40432727,0.012245415,0.26911256,0.70658755,-0.021878617,-0.8601339,-1.0697007,0.80137444
0.14467394,-0.045631863,0.7107833,-0.7603404,-0.36368465,0.033520598,-0.3291764,1.2054137,-0.7111515,-0.4492332,-0.016175948,0.17259328,0.0072246427,0.35435396,-0.2100473,-1.1989769,-0.3621897,-0.21047169,0.14205545,0.3794532,-0.31646672,-0.008342554,0.008071154,0.29015926,-0.41574392,-0.101644345,-0.57040185,-0.5681701,-0.042025637,0.12987219,-0.14787124,-0.48063895,-0.0070118294,-0.26825932,-0.66073006,-0.31116045,-0.6123269,0.018449614,-0.18300405,0.02156635,0.27451319,0.39216566,-0.1445758,0.30603138,0.097265735,0.23130813,-0.08989892,-1.028704,-0.9870694,0.47542822
0.18967722,0.18843731,0.37773347,-0.6089167,0.23223002,0.0687509,-0.19176438,1.2057331,-0.5724027,-0.6496603,0.79037595,-0.18243492,0.095087975,0.075988784,-0.2050444,-1.0041832,-0.5181079,-0.20613615,-0.06367318,0.56441176,0.01151734,0.13805582,-0.20434442,0.042247783,0.047256984,-0.49192604,-0.50746906,-0.52425796,0.13928622,0.38197988,-0.4248952,-0.58434045,-0.49924496,0.005111909,-0.17868866,-0.5920394,-0.35449618,-0.0015337808,-0.13474405,0.11183051,0.22624305,0.6856577,-0.113038465,0.23402604,-0.031855956,-0.1944584,0.009450239,-0.969168,-0.96611005,-0.0977515
0.5337501,-0.30525875,0.61212814,-0.4504842,-0.12617631,0.043139853,-0.2705533,0.47383448,-0.29717994,-0.31747922,0.5159947,-0.047269713,0.8748568,-0.036806688,-0.08577118,-0.9260375,-0.44606614,0.0073647103,-0.0072623454,0.07033365,0.063641,-0.057599813,0.19277854,0.14707743,-0.24551013,-0.47310522,-0.4484476,-0.41805547,0.04403101,0.51086724,-0.3127888,-0.17348106,-0.8114943,-0.24110153,-0.19256616,-0.44164705,-0.47256336,-0.13976578,-0.2634109,0.047970153,0.35415176,0.51965374,-0.27214995,0.23809244,0.26035878,-0.08375086,-0.17282939,-0.6565736,-0.91478705,0.060978565
-0.15510982,-0.11656955,0.064171456,-0.3666048,-0.17004324,0.10436114,0.0065853717,0.2660288,-0.43241757,-0.62345725,0.053406965,0.08915469,0.3416745,-0.1911033,-0.07902598,-0.9321442,-0.48625585,-0.1611338,-0.44488958,0.21584445,-0.073088996,0.17789406,0.020593924,0.028480086,-0.094081536,-0.6379498,-0.3362059,-0.31516343,0.034265716,-0.07090983,-0.22269416,-0.07942054,-1.4424778,-0.084047586,-1.0356771,-0.4522343,-0.21651493,-0.05114569,0.003323254,-0.24139336,0.049864884,0.756201,0.3416088,-0.026385402,0.49888182,-0.6611585,-0.027873825,-0.6113899,-0.6631723,-0.4663994
-0.8067992,-0.30436742,-0.58966815,-0.7731145,-0.6161185,-0.45141417,-0.34550157,0.0863763,-0.6550552,-1.0850885,0.020500623,-0.024471562,-0.8082478,-0.63669693,-0.41419566,-1.1094733,-0.9724945,-0.70720154,-0.72254664,-0.36186293,-0.19606677,-0.16043873,-0.1916691,-0.3458805,-0.51769793,-0.73795396,-0.6423264,-0.38299114,-0.65675956,-0.2463277,-0.59206516,-0.4485212,-1.5233773,-0.35823622,-1.4268781,-1.1024259,-0.5965248,-1.1931783,-0.37399185,-0.31635138,-0.12305321,0.25441638,-0.12250514,-0.55166745,0.10823231,-0.8626766,-0.4393923,-0.6226382,-0.8502954,-0.4803654
-1.1327993,-0.95890856,-1.0895976,-0.8404139,-1.2043186,-0.7837879,-0.7369778,0.49225548,-0.89116067,-1.2216434,-0.5445625,-0.3315839,-0.25058198,-0.8051735,-0.6433337,-1.126032,-0.9822792,-1.0872508,-1.2805274,-0.9167249,-0.78349847,-0.5272977,-0.99545616,-0.7893429,-0.99176466,-0.8943971,-0.83517206,-0.72735506,-0.4880685,-0.74846035,-0.8329318,-0.6230359,-1.3786553,-0.8859463,-0.9221744,-1.2258779,-0.882325,-0.94570863,-0.7251446,-0.5466471,-0.5739232,-0.25374267,-0.44755068,-0.66152966,-0.3908304,-0.897065,-0.59446967,-1.0397536,-1.2297597,-0.64509726
-1.3348821,-0.9696432,-1.4080569,-0.923144,-1.0549989,-0.9161433,-0.8540397,-0.37065572,-0.9176675,-1.0841213,-0.82365656,-0.81844705,-0.43665302,-1.037166,-0.74441224,-1.0065655,-1.1924784,-0.86935765,-1.3550231,-1.2522985,-0.87071806,-0.5717944,-1.0393344,-1.1611094,-1.0086184,-1.4387972,-0.9754628,-1.0798393,-0.5116534,-0.4289625,-1.0402178,-0.45483574,-1.620881,-1.2056297,-1.2966546,-1.0725675,-0.7271522,-1.4154438,-0.9099096,-0.61772615,-0.91391426,-0.4600764,-0.63661027,-1.0060532,-1.0287567,-0.93352693,-0.9604012,-1.0969119,-1.0561832,-0.9108895
-1.3536805,-1.7935357,-1.1958013,-1.1311845,-1.5951582,-1.1881075,-1.3622808,-0.99407285,-1.1766202,-1.1938049,-1.3861277,-0.8380143,-0.55797595,-1.0393722,-1.1906663,-1.1228948,-1.2906357,-0.7450853,-1.264485,-1.9090935,-1.3424797,-1.0586135,-1.0836148,-1.3908317,-1.5320377,-1.5948274,-1.2753637,-1.4425371,-1.0586406,-0.4120746,-1.4797875,-0.9225261,-1.6034257,-1.6260506,-1.5249118,-1.1733506,-1.3298098,-1.6975857,-1.5266976,-0.9295097,-1.1519899,-1.0410695,-1.3165536,-1.0989105,-1.1416094,-0.90148914,-1.3138849,-1.3318571,-1.3769844,-1.0641084
-1.777877,-1.1455826,-1.8226044,-1.2015549,-0.85791445,-0.93313676,-1.1187143,0.4141207,-1.1167655,-1.1896019,-0.62445813,-1.2017741,-0.92801994,-0.9965103,-1.1675434,-0.8952356,-1.1967506,-1.0674665,-1.799544,-1.4812052,-1.0251025,-1.0987673,-1.6630876,-1.7678174,-1.0614194,-1.8038154,-1.2331313,-1.7217454,-0.75576395,-1.1462141,-1.6437836,-0.68986493,-1.3015792,-1.5274725,-1.2771115,-1.1251794,-0.92072177,-1.5844399,-1.498205,-1.3140497,-1.2261821,-0.72441196,-0.94522953,-0.9822324,-1.4267266,-1.3696852,-1.3363572,-1.2837596,-1.0487559,-1.4643728
-1.8766607,-1.3629879,-1.9098438,-1.1286974,-0.9847891,-1.3863125,-1.4749286,-1.1741725,-1.2641356,-1.4782753,-0.7181317,-1.2381583,-1.0866154,-1.1213921,-1.505227,-1.1255454,-1.4802836,-1.3896205,-2.0836973,-1.8848897,-1.4705421,-1.3981619,-1.8637848,-1.8686359,-1.1640941,-2.195513,-1.1938121,-1.6801938,-1.225261,-1.0660369,-1.4839851,-1.241317,-1.5821875,-1.8351387,-1.7517473,-1.3806264,-1.0051637,-1.4516056,-1.8803395,-0.9889519,-1.2911973,-0.8850987,-1.2442315,-1.3710128,-1.538299,-1.1864733,-1.9771146,-1.0693573,-1.2610972,-1.3907956
-1.1543506,-1.8769906,-1.5388821,-0.8808463,-1.3316318,-1.415861,-1.7799553,-0.6445214,-1.052048,-1.2082782,-1.0488169,-1.6691527,-1.3991908,-0.784737,-1.105816,-1.1925514,-0.81764436,-0.28485715,-1.0597492,-2.0506938,-1.767155,-1.8039868,-0.75952053,-1.5039158,-1.5346102,-1.993192,-1.2349206,-1.2356842,-1.7490774,-0.40566492,-1.6536974,-2.071117,-1.4369521,-1.9565556,-2.614274,-1.1309171,-1.1821312,-1.394782,-2.2404823,-0.90118885,-1.2485871,-1.1373696,-1.7195519,-1.8218404,-1.0346992,-0.6008345,-1.9920344,-0.84772694,-1.2657919,-1.2183814
-1.3015933,-1.4462104,-1.4972383,-0.74313873,-1.1919268,-1.2939365,-1.6745176,-0.029771714,-0.91044736,-1.4000179,-0.93990993,-1.7248226,-0.4664091,-1.0116887,-1.0128268,-1.1584109,-1.0356989,-0.9252462,-1.4450082,-1.8476647,-1.7460951,-1.8713769,-1.3588384,-1.7013638,-1.3189821,-1.7666693,-1.3147634,-1.3779308,-1.2854004,-0.5989394,-1.228512,-1.7189491,-0.73409396,-1.9778451,-1.1295518,-0.8851832,-1.1350474,-1.2679206,-2.001049,-0.63093555,-1.4199674,-1.156358,-1.6352423,-1.0927993,-1.2310121,-0.7475449,-1.7047122,-0.7255078,-1.40322,-1.107311
-2.0229013,-1.4739188,-1.8131982,-0.5316316,-0.8825845,-1.2848699,-1.176088,-2.0702841,-0.49131617,-1.3640721,-0.61000097,-1.6338952,-3.429078,-1.0847143,-1.481009,-0.8441842,-1.2034001,-1.4039145,-1.5455889,-1.3970408,-1.188722,-1.4261591,-1.2112694,-1.8055739,-1.1308191,-1.997735,-1.1262474,-1.4278404,-1.9581157,-1.3184998,-1.367374,-1.3324646,-0.900581,-1.5406731,-0.81938756,-0.88023496,-0.8625372,-2.4691365,-1.5430491,-0.3970455,-1.3325045,-1.085597,-1.2569724,-0.60149246,-1.5182585,-1.3235438,-1.6546191,-0.6596343,-1.0981892,-2.1615033
-1.38834,-1.3106905,-1.5379534,0.09412877,-0.7945583,-1.1681263,-1.2074581,0.052175034,-0.32118115,-0.93031454,-0.26643878,-1.5279732,-0.3572732,-1.2059485,-0.8444952,-0.44174597,-0.4752825,-0.49027386,-0.8923181,-1.340044,-1.2641523,-1.5500447,-0.664317,-1.3821592,-0.9900682,-1.6896396,-0.9184171,-1.0410933,-1.1618302,-0.37568325,-0.9605317,-1.34079,-1.2041973,-1.35418,-1.1469941,-0.36740953,-0.8445317,-1.3207033,-1.5978894,-0.36243448,-1.0140641,-0.8707537,-1.3775047,-0.7840069,-1.1568485,-1.3975044,-1.7445763,-0.5274463,-1.0064446,-1.6495631
-0.87803036,-0.9413534,-1.4324082,0.062325455,-0.84560376,-1.126109,-1.0994191,0.09544837,-0.4699854,-0.7161352,-0.44567716,-1.5694274,-0.2698842,-0.91711545,-0.8137311,-0.19395486,-0.3243773,-0.61863565,-1.0195652,-1.2634399,-1.3162878,-1.7013149,-0.82604516,-1.3998373,-0.9491092,-1.6543225,-0.82292926,-1.2002932,-0.6610101,-0.60620475,-1.1185045,-1.2236701,-1.1231086,-1.2027382,-0.8208305,-0.49920723,-0.8640529,-1.349801,-1.7106019,-0.24945077,-1.0599065,-0.81328046,-1.5468775,-0.8302506,-0.7747023,-1.1743324,-1.4823152,-0.6494839,-1.0699188,-1.9077564
-1.249483,-0.8969422,-1.5595859,0.07805754,-0.4894062,-1.214841,-0.9937766,0.40643287,-0.950323,-0.6449297,-0.32688722,-1.2143826,-1.2052929,-1.0016637,-0.9326558,-0.12696569,-0.17104313,-0.6261329,-0.9521899,-1.0888406,-1.2252724,-1.216723,-1.0698994,-1.1991991,-0.6418279,-1.9125397,-0.71419054,-1.3063473,-0.57689345,-0.7895661,-1.2410196,-1.1175067,-1.6959441,-0.82420075,-1.5933232,-0.2784119,-0.99931157,-1.5907224,-1.5022962,-0.2282888,-1.2067174,-0.6563043,-1.3598866,-0.6372583,-0.86236537,-1.5779939,-1.3147998,-0.48412144,-0.77807117,-1.830693
-0.6336972,-1.4331311,-1.2537076,-0.5516594,-0.908294,-1.5029352,-1.1181306,-0.020060768,-0.9597356,-0.9704281,-0.9877031,-1.6131681,-0.37265292,-1.0295324,-0.7900108,-0.44001797,-0.33560905,-0.5033183,-0.83918387,-1.4015139,-1.4164437,-1.444292,-0.7222989,-1.2789092,-1.0609648,-1.6601752,-0.94992375,-1.2476196,-0.8867017,-0.6471168,-1.1537915,-1.6423664,-1.3584576,-1.0787592,-0.524459,-0.8012748,-1.106699,-1.1525478,-1.6825198,-0.454391,-1.3925147,-1.0952156,-1.6120894,-1.1648161,-0.7264383,-1.7006918,-1.4003385,-0.77563703,-1.1712711,-2.0738556
-1.0168759,-1.0087258,-1.2954191,-1.1574674,-1.2020286,-1.8524922,-1.4730442,-1.5496411,-1.2882853,-1.4501202,-1.2842622,-1.5116864,0.047471013,-1.8485236,-1.2485855,-1.0935524,-1.0692909,-1.0959977,-1.5651631,-1.626181,-1.630224,-1.5526708,-1.2742716,-1.6705375,-1.2439054,-1.8656468,-1.1561362,-1.792468,-0.71064305,-0.6520734,-1.1487067,-1.7318977,-1.347933,-1.5977948,-0.9573562,-1.2367048,-1.4468806,-1.0061897,-1.8471466,-0.82512254,-1.7498987,-1.4258968,-1.7414993,-0.9177245,-1.436538,-2.088564,-1.6802349,-1.1039325,-1.255632,-2.104272
-1.4114465,-0.59168345,-1.5904388,-1.4672294,-1.0049766,-1.6397289,-1.3725635,-0.8575446,-1.3787843,-1.735382,-1.2370234,-1.6785967,-0.1466639,-1.8211943,-1.3530242,-1.3781682,-1.1827109,-0.7829312,-1.4910644,-1.4700776,-1.2626033,-1.5324873,-1.3129771,-1.8812422,-0.9926295,-2.1154861,-1.1089442,-1.994318,-0.98343915,-0.8394548,-1.530022,-2.0404086,-2.0740695,-1.521897,-1.2714459,-1.0056324,-1.2538865,-1.8458021,-1.6228468,-0.8649754,-2.0709164,-1.3301253,-1.5866485,-1.2433486,-1.7812614,-2.484588,-1.5948616,-0.93796474,-1.137986,-2.449612
-0.8993168,-1.1400409,-1.3982285,-1.5558567,-1.3765382,-1.822771,-1.5067186,-0.63742983,-1.2334088,-1.9079177,-1.2965015,-1.6928953,-0.9001978,-1.754997,-1.4687631,-1.430008,-1.4677598,-1.0129222,-1.4001716,-1.5174423,-1.5566975,-2.045661,-1.324224,-1.8863528,-1.3155559,-2.0068917,-1.4157048,-1.6771208,-1.563297,-0.80146515,-1.2630655,-1.8770008,-1.3301129,-1.7758576,-1.0458199,-1.4147142,-1.4128904,-1.8510375,-1.747224,-1.0809833,-1.8995147,-1.7625792,-1.7267718,-1.3083186,-1.4949893,-2.6525724,-1.6419474,-1.1403319,-1.4030457,-2.4801326
-1.1207508,-0.54622597,-1.7914982,-1.2984155,-1.1037544,-1.2500368,-0.99579424,-1.2458334,-0.9026173,-1.4871035,-1.1008793,-1.5899557,-0.56832033,-1.3964157,-1.257521,-1.1360644,-1.2242788,-1.2741138,-1.46593,-1.2381384,-1.1601415,-1.8145844,-0.86812055,-1.7328328,-0.98143065,-2.0639796,-1.2686248,-1.6096494,-0.92031354,-0.858926,-1.154713,-1.1522932,-1.8842502,-1.5340363,-1.7136797,-1.0997615,-1.170062,-1.6546104,-1.3419724,-1.087573,-1.5708009,-1.5798464,-1.096628,-1.3561796,-1.6096374,-2.5951607,-1.4865878,-0.6533919,-1.0060812,-1.886223
-0.58930445,-1.0859221,-1.1059107,-0.9953421,-1.458604,-1.1384051,-1.0714287,-0.24786335,-0.9572464,-1.2824557,-1.8068409,-1.4732809,-0.6866877,-0.82592404,-0.93253136,-1.3079747,-0.6009507,-0.06938731,-0.3461245,-1.3067707,-1.1590536,-1.8122272,-0.19430402,-1.2839191,-1.391043,-1.1235629,-1.1371899,-0.9295169,-1.2619462,-0.6234156,-1.1148529,-1.2085228,-0.85725355,-1.5080009,-1.0306904,-0.7098101,-1.4030948,-1.0076056,-1.3020006,-0.49677488,-1.3457396,-1.9735357,-1.2780977,-0.9137621,-0.7463117,-1.9664832,-0.9978518,-0.5459486,-0.88214153,-1.4007325
-0.8571816,-0.91583437,-1.4936244,-0.7636941,-1.0727341,-1.174827,-1.0737637,-0.52015316,-0.9743572,-1.2391591,-1.5279548,-1.065068,-1.1677103,-0.5544918,-1.1705053,-0.914059,-0.8256375,-0.16704072,-0.7399649,-1.1116861,-1.0238254,-1.7786065,-0.7332408,-1.2983527,-1.110772,-1.2050649,-0.8466941,-1.0214235,-1.1630073,-0.97659236,-0.9462838,-0.6923644,-0.72075933,-1.307697,-0.6739497,-0.801599,-1.138191,-0.7716097,-1.0103487,-0.26030883,-1.3705795,-1.6658957,-1.2358607,-0.14574353,-0.95335454,-1.7734416,-0.7221209,-0.3935551,-0.7532455,-1.4214623
-0.19315585,-0.49261096,-0.77053034,-0.21067813,-0.79837495,-0.62646043,-0.6064072,0.06733774,-0.39573988,-0.2615735,-0.8903702,-0.6214319,-0.5123658,-0.17989461,-0.45752928,-0.36423784,-0.22191334,0.124518506,0.11581455,-0.6975188,-0.52549344,-1.395276,0.06752311,-0.7961338,-0.71240294,-0.5398809,-0.55007946,-0.55253804,-0.9651728,-0.017130084,-0.24591742,-0.53459454,0.07099646,-0.82542074,0.18021646,-0.30086926,-0.75371844,-0.78576773,-0.67422336,0.4594531,-1.0364051,-1.3295553,-0.67401123,0.021903118,-0.52881724,-0.781308,-0.38496828,0.13800669,0.0019040804,-1.0504763
0.10071887,0.0808585,-0.3261092,0.11837692,-0.16219884,-0.13187186,0.0390616,1.2069895,0.22375861,0.29428336,0.41943803,-0.24763167,0.7955317,-0.014518149,-0.015805194,0.30293596,0.045943398,0.16238335,-0.042595357,-0.02951379,-0.037082527,-0.8283813,0.16156176,-0.5619823,0.02216488,-0.46984845,-0.29238078,-0.06712996,-0.13392402,0.8422964,0.34565288,0.33743393,0.26955688,-0.09031852,0.2668129,0.429495,-0.22124435,-0.54506737,0.105748326,0.8339438,-0.60040766,-0.5765258,-0.10628438,0.19390498,0.12118902,-0.59371936,0.09905719,0.34982386,0.4595956,-0.9388215
0.31690046,0.21539015,0.08693544,0.048703536,0.24905568,0.16568604,0.7222299,1.1861196,0.5195374,0.58262265,0.5081077,0.10757878,0.19251119,0.23745187,0.3730524,0.48164085,0.3986757,0.7379856,0.3895993,0.2807446,0.1899297,0.019756727,0.7769387,-0.050749995,0.36015987,-0.1903442,-0.021839472,0.11358057,0.23632883,1.5820545,0.5239822,0.465905,-0.2601132,0.516864,0.03813128,0.71078277,0.19793406,-0.67945015,0.40989888,1.2477481,-0.2735022,-0.07878347,0.7416891,0.07430425,0.39265352,-0.47700477,0.31094304,0.66144127,0.86571705,-0.71672255
0.18148749,-0.31467578,-0.09532838,-0.27692246,0.052831963,-0.16527157,0.4541551,0.7150961,0.137496,0.22400989,-0.041583415,-0.5240096,0.30473033,0.13937585,0.19805029,0.3332514,0.17066415,0.3768119,0.023957228,-0.08122809,-0.53244644,-0.20221646,0.4238049,-0.043703537,0.1403517,-0.10009856,-0.1817671,0.01658208,0.045142684,1.0452257,0.9258248,0.071846835,-0.20278913,0.14330424,0.5508347,0.21697491,0.23485723,-0.24859048,0.08016854,0.58702403,-0.18692213,0.09683909,-0.013097173,0.18360035,0.33510685,-0.7561004,-0.3082374,0.23211788,0.33786526,-0.6288454
0.022357654,0.025809614,-0.24326047,-0.4656322,0.45939285,-0.15456432,0.59057367,0.79970485,0.079487555,0.2610635,-0.010950299,-0.20397387,-0.5445301,0.10885794,0.18657596,0.0907449,-0.06506495,0.44867936,-0.04818396,0.02054028,-0.19636238,-0.087805614,0.31648076,-0.071610615,0.33575523,-0.20833905,0.0009929324,-0.14577979,0.022756621,1.3367277,0.72029644,0.0497459,-0.6830522,0.40310878,0.31311363,0.22530654,0.29511878,-0.7676868,0.13295664,1.1251494,-0.32939017,0.37688783,0.045908604,0.46065864,0.061151188,-0.64099246,-0.1716615,0.2651627,0.45830196,-0.8216658
0.02273777,-0.21800599,-0.08725629,-0.62672126,0.5215309,-0.22896244,0.49542886,0.28200075,0.07391584,0.06772351,-0.036607265,-0.48785725,-0.7749889,0.014365157,0.019812496,-0.07470642,-0.35800365,0.06444595,-0.37842208,0.12267912,-0.16248438,-0.06408641,0.092194214,-0.06936504,0.15479933,-0.085218884,-0.2913324,0.035539392,-0.28365126,0.18809187,0.52133745,-0.27460787,-0.27435303,0.39431238,0.17213187,-0.2942152,0.19956198,-0.68620473,0.044221785,0.51303947,-0.17989519,0.15870707,-0.046073005,0.698624,0.1412573,-0.7017043,-0.2617064,0.12020467,0.2613532,-0.7321081
-0.29038456,-0.26722252,-0.19205841,-0.73013854,0.41231018,-0.41385245,0.21418332,-0.7344328,-0.4011962,-0.043314204,-0.5975537,-0.49279463,-0.44075793,-0.28890553,-0.07710944,-0.30838838,-0.41309437,-0.69697803,-0.95577854,0.053004075,-0.21378028,-0.0221138,-0.38358784,-0.20835839,-0.187398,-0.031623732,-0.44896168,0.027003406,-0.13980936,-0.5712826,0.28340566,-0.46584862,-0.11166237,0.20983227,0.2024544,-0.44504458,-0.0540726,-0.26668614,0.038488843,0.09105792,-0.41139954,0.11443866,-0.026646445,0.8179937,-0.17930631,-0.83955055,-0.19572018,-0.16070232,-0.16148345,-0.708988
-0.82807404,-0.90544856,-0.70357245,-1.3217782,0.11047126,-0.9110315,-0.3027837,-0.91557604,-1.0172825,-0.6391087,-1.0203184,-0.680664,-0.7852603,-0.86690986,-0.60064715,-0.87283874,-1.0374733,-1.6347574,-1.6503396,-0.47973973,-0.40730473,-0.16834512,-0.9738083,-0.6776526,-0.595458,-0.27953964,-0.7213729,-0.6716856,-0.39259532,-1.2541611,-0.54118216,-0.8152539,-0.51190406,-0.23694125,-0.52356774,-0.7481553,-0.540754,-0.6722827,-0.3153384,-0.6926243,-0.88557875,-0.31443942,-0.4439613,0.63288,-0.7817443,-1.2937617,-0.68324935,-0.65447265,-0.5865585,-0.97642946
-1.4572675,-1.6355196,-1.4003056,-1.8420488,-0.5113153,-1.5975734,-0.9029128,-1.2799281,-1.4778223,-1.4539188,-1.5135115,-1.133479,-1.6432961,-1.4450591,-1.3908323,-1.4259816,-1.8344802,-2.0935657,-2.083428,-1.33247,-1.0336163,-0.4991427,-1.8813416,-1.4602665,-1.205541,-0.946057,-1.1017265,-1.3266109,-1.4035865,-1.7421343,-1.2189907,-1.3568395,-0.7161388,-0.8845554,-1.2082334,-1.4939423,-1.0370768,-1.6230793,-0.99326897,-1.2436595,-1.4822772,-1.0699979,-0.90666413,0.22245066,-1.5546374,-1.9326806,-1.1671288,-1.1402454,-0.9831014,-1.5796392
-1.9770801,-2.0410135,-2.0167906,-2.1038232,-1.0922883,-1.9521215,-1.3999394,-1.7476294,-1.7356706,-1.8236283,-2.0397635,-1.7752736,-2.3172495,-1.76007,-1.9645234,-1.7451742,-2.183767,-2.6106288,-1.8637702,-1.8847388,-1.5673871,-0.8620948,-1.9485873,-1.8709202,-1.6431172,-1.4975017,-1.4488446,-1.8324609,-1.7945471,-2.2751367,-1.402405,-1.8978615,-1.4326154,-1.2609944,-1.8571866,-2.1952374,-1.2450591,-2.2413847,-1.5189918,-1.8669419,-1.7935909,-1.5716789,-1.2867699,-0.27681568,-1.9090611,-2.3487756,-1.7557396,-1.199548,-1.1062707,-2.1095223
-1.9919391,-2.2274163,-2.1089106,-1.8780913,-1.2688603,-2.0355344,-1.6477972,-1.5691056,-1.6797227,-1.8376794,-2.0642424,-1.8941354,-1.777627,-1.6547953,-1.990235,-1.5962143,-1.9041274,-1.9762793,-1.292967,-1.9776709,-1.6676613,-1.1932821,-1.6875923,-1.7848992,-1.8917762,-1.5224231,-1.5792363,-1.8401358,-1.8346981,-2.070383,-1.415066,-2.0835392,-1.1736505,-1.3641354,-1.7842343,-1.7964327,-1.317474,-1.9697876,-1.7239479,-1.5800946,-1.9140456,-1.8718458,-1.4247559,-0.41138816,-1.9915887,-2.2234185,-1.8604513,-1.1225299,-1.0202383,-2.089398
-1.4354858,-1.8900311,-1.7036002,-1.5430449,-1.2172302,-1.6193851,-1.6226437,-1.6143595,-1.4616677,-1.3144622,-1.7925917,-1.7649679,-1.6394284,-1.3646336,-1.8135403,-1.406353,-1.8086747,-1.3104073,-0.9303745,-1.7234489,-1.4396085,-1.4869605,-1.3404495,-1.5988572,-1.6438934,-1.408448,-1.443507,-1.4917043,-2.1033092,-1.6485728,-1.3452256,-1.9817172,-1.2462412,-1.3579987,-1.5591174,-1.5849558,-1.4693909,-1.3412619,-1.7475152,-1.0375811,-1.6921027,-1.9375696,-1.4921873,-0.1572265,-1.6138821,-1.6328807,-1.7063277,-0.857739,-0.81073123,-1.7514689
-0.9799932,-1.5553586,-1.3067504,-1.0654864,-0.76982325,-1.201336,-1.337025,-1.3239468,-1.1427119,-0.703913,-1.4244814,-1.3392589,-1.3984245,-1.0046672,-1.5345227,-0.9723914,-1.0925468,-1.3300402,-0.33002537,-1.3014058,-0.91866755,-1.515134,-0.7180276,-1.242012,-1.1383588,-0.9911091,-1.1828698,-1.1608347,-1.8256521,-1.5380911,-1.1769295,-1.6941607,-0.9786163,-0.9978836,-1.1997031,-0.9915349,-1.1773316,-0.97007215,-1.479179,-0.84752756,-1.3586757,-1.6081736,-1.0809277,0.21581966,-1.2133375,-1.2475175,-1.3373499,-0.46652693,-0.35737118,-1.3779048
-0.848416,-1.1808867,-1.16125,-0.8026757,-0.80555344,-0.73370564,-1.0614636,-0.95846605,-1.0414485,-0.32458395,-1.266811,-1.3594061,-0.85482484,-0.84575665,-1.2480876,-0.62885594,-0.8483077,-0.79192406,-0.053659085,-0.95388126,-0.8199543,-1.4671944,-0.7765365,-1.1162444,-0.9484439,-0.7222719,-1.0223525,-0.86648417,-1.5965601,-1.0783558,-0.9160816,-1.5629834,-0.7036148,-0.7612596,-0.90861523,-0.7403171,-1.1137018,-0.9470949,-1.3358157,-0.24206729,-1.1267158,-1.3348516,-0.99443984,0.23125349,-1.096769,-1.0300121,-0.9499485,-0.23757347,-0.22178902,-1.235437
-0.6417142,-1.1615683,-0.9053748,-0.72090656,-0.609346,-0.5510089,-0.9762839,-0.5936241,-0.73088324,0.0035875347,-1.1303759,-1.1604359,-0.9057805,-0.9948435,-0.9477143,-0.40329388,-0.63624805,-0.7202649,0.08296379,-0.79154855,-0.77528024,-1.4235423,-0.54204315,-0.90316254,-0.9376331,-0.47066262,-0.9268898,-0.40221566,-1.3262925,-0.6692196,-0.7818782,-1.3743925,-0.32652968,-0.6070361,-0.52148825,-0.50597405,-1.0307055,-0.76532716,-1.2486035,-0.21582824,-0.793417,-1.263987,-1.0653235,0.10594594,-0.9159318,-0.5663353,-0.766501,-0.15626694,-0.15123631,-1.1441048
-0.47544283,-0.8964578,-0.77894014,-0.6266459,-0.6459694,-0.46792406,-0.9148648,-0.4890824,-0.65485746,0.081598826,-0.854359,-1.229725,-1.3509899,-1.0827093,-0.9275036,-0.4861873,-0.63905597,-0.6932294,0.11645284,-0.70178604,-0.8608325,-1.3828038,-0.39807984,-0.7704568,-0.98225117,-0.3200487,-0.9494651,-0.2204511,-1.335273,-0.43645388,-0.7490311,-1.0671782,-0.26295036,-0.5041025,-0.074840866,-0.48771775,-1.0616361,-0.6907765,-1.1515406,-0.3946642,-0.46216148,-1.2189516,-0.98420596,-0.17747764,-0.8839088,-0.38385153,-0.5881143,-0.004582355,-0.14564034,-1.0129936
-0.13858059,-0.9610206,-0.5089303,-0.71352094,-0.6510366,-0.3703154,-0.8726181,-0.11546654,-0.69944763,0.22810741,-1.0527811,-1.1708906,-1.4761807,-0.92296135,-0.7555381,-0.36210722,-0.5271863,-0.34085923,0.6734407,-0.4569492,-0.9520489,-1.3198588,-0.2191554,-0.5715066,-0.9569595,-0.18464485,-0.95896095,-0.16607317,-1.4839541,-0.263926,-0.66373134,-1.1346275,0.10219167,-0.3999977,-0.24243177,-0.50717235,-1.0817046,-0.64277214,-0.97695726,-0.14719033,-0.31607673,-1.1621417,-0.9523124,-0.46189472,-0.6764206,-0.18152615,-0.48137823,-0.05666557,-0.16779163,-0.7983996
0.19495276,-0.45556295,-0.17802513,-0.40266615,-0.6399602,-0.009152971,-0.7418324,0.056945324,-0.7439059,0.25883007,-0.9489335,-1.0069128,-0.7904781,-0.7122912,-0.34156644,-0.22057939,-0.25590146,-0.021885874,0.6076824,-0.13028054,-0.7986342,-1.0673457,-0.20249999,-0.123289816,-0.7790306,0.19181919,-0.6686215,-0.12815854,-1.0381074,-0.079111606,-0.4750274,-1.0687568,-0.042651918,-0.13211662,0.26384217,-0.108240746,-0.87412924,0.11712776,-0.711984,0.0722922,-0.13611035,-0.7182241,-0.74099034,-0.49086782,-0.67479235,0.1987322,-0.39539176,0.058213197,-0.017223934,-0.45604494
0.5129014,-0.41781735,0.107689835,-0.4337912,-0.50241524,-0.078370154,-0.7099809,-0.6802134,-0.50974566,0.31512272,-1.2543498,-0.88329583,-0.644398,-0.5205598,-0.23906913,-0.3628454,-0.33576408,-0.16302705,0.5190024,-0.024162615,-0.6887228,-1.0815253,0.03790114,0.03040044,-0.7494146,0.4026362,-0.7731717,-0.055788234,-0.86619025,0.30222246,-0.3450386,-0.85885435,0.72513664,-0.088134676,0.784906,-0.19195181,-0.8616531,0.7595902,-0.64933205,0.5695613,0.06596205,-0.87246394,-0.73598987,-0.32046017,-0.55997735,0.19822568,-0.3455712,-0.06610695,0.0010029125,0.05676163
0.50193566,-0.3626522,0.20573707,-0.55808413,-0.59219545,-0.07275748,-0.6590902,-0.8621019,-0.5038113,0.10240301,-1.011974,-0.76077235,-1.3305384,-0.34835505,-0.42034352,-0.45746568,-0.769272,-0.26740146,0.3609045,0.16458294,-0.77975,-0.9859247,-0.105715476,0.015393804,-0.6342659,0.5091775,-0.7570328,0.010658848,-0.51740795,0.4015156,-0.38029152,-1.0094827,0.85001206,-0.1364477,0.8776561,-0.43669882,-0.92458105,0.62877643,-0.54012805,0.17826685,-0.010287658,-0.76727074,-0.79181725,-0.27106264,-0.61777455,0.39941135,-0.21188584,-0.25478756,-0.16975385,0.0983569
0.6571952,-0.15394698,0.43418744,-0.32202742,-0.40803882,0.13052481,-0.44006258,-1.195724,-0.43348905,0.4265649,-0.7894334,-0.7057486,-0.9695799,0.25315368,-0.20432259,-0.29352427,-0.052282795,0.13616194,0.79431903,0.43310216,-0.70116246,-0.9067957,0.33484194,0.2546327,-0.42087767,0.9123801,-0.68704873,0.3103239,-0.5575808,0.4267183,-0.25467095,-0.8966477,1.0064069,0.032281887,0.55529076,-0.027574746,-0.8108925,0.7703857,-0.36749098,0.12944303,0.18513514,-0.48664156,-0.61252576,-0.25576743,-0.25239825,0.73427236,-0.08545118,-0.2272502,-0.09574181,0.32098815
0.8173617,0.060706846,0.7202739,-0.07464736,-0.17774147,0.14646481,0.22283751,-1.2566091,0.082059115,0.42950174,-0.51666003,-0.53325474,-0.66795105,0.39894715,-0.08467602,0.016759872,0.17886402,0.40288183,0.9048854,1.1499676,-0.4003754,0.033889886,0.7353071,0.9918783,-0.16621995,0.53965664,0.17204443,0.37156034,-0.16838592,-0.21986568,0.15041369,-0.23517951,0.44977036,0.41501623,-0.64551574,0.08871569,0.061580732,0.6910125,-0.0428713,-0.004463036,1.180532,0.12802702,-0.30478328,-0.49962446,0.5397977,0.90915036,0.020194897,0.52387553,0.029113535,0.18447007
1.4966266,-0.043577943,1.360114,0.45542046,-0.23140173,0.8771309,0.340094,0.29824954,0.6734518,1.1108695,-0.3001768,0.12338506,-0.3242697,1.2190737,0.77644575,0.4384745,0.7712703,1.1828406,1.312754,1.0413661,-0.03264823,-0.25192842,1.6565974,1.1208516,-0.21547277,1.1748925,0.083890185,1.1112666,0.14756928,1.2603608,0.6927561,0.1419083,1.0892789,0.5203777,-0.0048168064,0.79168844,-0.16492634,1.0582498,0.11213003,0.682545,1.1797986,0.009628975,-0.20129368,-0.5997481,1.2171229,1.4108957,0.57346696,0.6686779,0.4421391,0.8418215
1.8339381,-0.11226795,1.6568902,0.9565865,-0.25048488,1.1909742,0.3513188,1.5271739,0.9689668,1.6320293,-0.21057841,0.45443875,0.6274675,1.443038,1.191861,0.9468238,1.3250545,2.0194263,1.9526914,1.0034689,0.0796754,-0.30422017,1.7157027,1.2517455,-0.2531165,1.6326225,0.16495782,1.5755203,0.51686305,1.6080967,1.0249119,0.6165898,2.0171506,0.6157593,1.1063589,0.98660076,0.017991453,1.7963376,0.35071585,1.4461435,1.3336365,-0.02049137,-0.092748806,-0.061481223,1.5143478,1.8427722,0.91132027,0.7599187,0.5969074,1.1164442
1.5185696,0.5977871,1.6251421,1.1394932,0.27621064,1.5859336,0.7776064,0.5162986,1.1405195,1.8208497,0.42241818,1.354187,0.7457072,1.3089042,1.2151084,1.2338723,1.267018,2.0996618,1.7409345,1.2158693,0.7056559,0.18401873,1.5100963,1.2613318,0.31657302,1.8486668,0.40369505,1.6404086,0.8740373,2.1738255,1.2576904,1.0287834,1.47955,1.0420607,0.9072147,1.4961274,0.14953116,1.6493454,0.72873265,2.117621,1.5004674,0.510118,0.89275867,0.85484546,1.1817739,1.8527128,1.1448512,0.82235974,1.0655147,1.4273493
1.8878107,1.7453848,1.9136097,1.8311211,0.9152452,2.2930264,1.3812177,3.193027,1.5624859,2.2006009,1.470639,2.1620302,0.5808175,1.8102031,1.7702813,1.830148,1.6097072,2.4758868,2.1561365,2.0811682,1.7245858,1.1475327,1.9189931,1.8997874,1.1190768,1.9550312,0.83172953,2.0051253,1.2573905,2.3761413,1.5937026,1.8638831,1.4253198,1.9418665,1.1868229,1.9440761,0.8970887,1.569043,1.6928338,2.4319353,1.8625147,1.503509,1.9513829,1.0947285,1.6812819,1.9416714,2.1159387,1.3243955,1.6748059,1.6784867
2.383388,1.5635937,2.394845,1.7726015,0.70295906,2.175385,1.4449207,1.2516471,1.6291157,2.292839,1.2326294,2.2735524,1.609727,2.027307,2.0216212,1.8079524,1.4681733,2.0354242,2.0242796,1.9877695,1.820201,1.283649,2.267509,2.1501148,1.1534607,2.2016373,1.2098503,2.3039887,1.7322716,2.324622,1.9716564,2.1343,1.5437509,1.9222608,1.5524758,1.8155912,1.0743088,2.1554635,1.7984233,2.3992863,2.0870917,1.4854224,1.9728918,0.89078456,2.0674362,2.0794463,1.9192063,1.335765,1.5784681,2.1902077
2.44537,0.79544765,2.285078,1.4273622,0.39247993,1.5803554,1.1952705,0.96232057,1.3279301,1.7251294,0.35128284,1.855531,1.2084128,2.0236995,1.8325812,1.4734261,1.1293256,1.7266933,1.6522403,1.5194044,1.3401147,1.2383078,1.8500971,2.058449,0.8034242,2.1278524,1.1623408,2.2075245,1.6360136,1.610228,1.9455494,1.6288164,2.1177075,1.399382,1.2831166,1.133652,0.98137623,2.1200097,1.5144638,1.7767977,2.0310757,1.1959933,1.6784109,0.81654966,2.2618146,1.9172473,1.6718552,1.1286253,1.1311982,1.963443
1.1991582,0.9029296,1.4209249,0.94366163,0.41531476,1.3687146,1.1620364,-0.50884503,1.0006168,1.1642253,0.36590633,1.8486551,0.8654976,1.6450199,1.2316353,1.0264122,0.7073768,1.0856227,1.0095794,1.4064809,1.1915245,1.3837968,0.9893404,1.3474225,0.79909986,1.4556122,0.9217134,1.4632312,1.0388267,1.0024893,1.4194684,1.3178434,1.5759459,1.1200448,0.6802519,1.005576,0.88528615,1.1503799,1.6129168,1.6172965,1.3909484,1.2873702,1.8776634,0.9972735,0.91121393,1.3574414,1.4047376,0.863281,1.0293517,1.6138339
1.131728,1.2643223,1.3557065,1.1456165,0.5460548,1.4493126,1.1153448,0.33728498,1.0236454,1.2049896,0.5452833,1.833495,0.85130376,1.7429187,1.2334026,1.0816913,0.7838974,1.0405067,0.80370903,1.4053969,1.5499574,1.4716116,0.9471263,1.1937013,0.8065288,1.3115826,0.67686737,1.6440754,1.1336895,1.168656,1.0267547,1.6159054,1.5968868,0.9642109,0.8953743,1.1241503,0.9169186,1.0821414,1.636312,1.3481065,1.229692,1.1273986,1.8554282,0.8901377,0.6783134,1.4033136,1.798942,0.69586945,0.9757467,1.7538174
1.3767984,0.9312388,1.5064756,1.0000145,0.15885319,1.2316272,0.79027534,1.3573601,0.9629005,0.9744377,0.38895738,1.5772477,0.7275726,2.0802906,1.1778977,0.9060565,0.9255175,1.053305,0.64363956,1.0135537,1.1942679,1.1180321,1.0321093,1.2028384,0.47419977,1.4508332,0.6617516,1.6823462,1.0341402,1.2202884,0.9263367,1.247688,1.8296416,0.7291851,1.0324517,1.15071,0.58571863,0.94783235,1.2793071,0.8657841,1.2361565,0.59753543,1.5064763,0.79986817,0.6180111,1.5437796,1.4794344,0.54721093,0.86833334,1.8257246
0.69381297,0.52870953,0.9833431,0.54201293,0.04251893,1.0928129,0.66563463,1.1001478,0.6622589,0.6254972,0.10653671,1.3982259,0.54598963,1.906717,0.7766449,0.6065933,0.7083587,0.4500993,0.20663641,1.109381,1.0123553,0.9561179,0.32059956,0.89903533,0.29416418,1.1653464,0.5848422,1.2864102,1.0171163,0.44815916,0.59424925,1.0969844,1.451165,0.554331,0.6232141,1.0688739,0.5331477,0.8102935,1.1980264,0.6764645,0.88149214,0.5276658,1.2008163,0.9735451,0.176843,1.0919904,1.3470726,0.331676,0.56057,1.5808814
0.4992288,0.636734,0.6915994,0.49792537,0.28215483,0.97088844,0.61170214,0.6125775,0.5751886,0.3250236,0.21197839,1.0903515,0.6949705,1.6287705,0.4795321,0.4011968,0.5151621,0.5947619,-0.12760168,0.8390231,1.0320318,0.9925876,-0.033699147,0.7470641,0.41029972,0.95222837,0.41852856,1.0829717,0.7601235,0.518181,0.42156786,0.6495157,1.324155,0.46590352,0.39009768,0.68403983,0.6310762,1.0145813,1.0446934,0.65392464,0.55373234,0.5614138,1.1380978,0.92983127,-0.06776175,0.9437524,1.19146,0.15753789,0.39123765,1.4853635
0.6558821,0.4782723,0.9812491,0.58024096,0.0928985,0.97966146,0.5413831,1.1191013,0.76093423,0.4817672,0.22783552,1.1762753,0.39330518,1.3439635,0.48762137,0.2921989,0.47240564,0.31448638,-0.21284913,0.8303652,0.9279027,0.7307019,0.4258019,0.8712521,0.25918162,0.9812443,0.45908758,0.8705666,0.951048,0.9804511,0.55991775,0.5422998,1.6730577,0.21502958,0.6608998,0.76824427,0.46930748,1.3057047,0.94316864,0.8787988,0.5526644,0.55724716,1.0649673,1.1256771,0.116471164,1.2399433,0.9827275,0.24690245,0.5282733,1.6535295
0.5403503,1.1487991,1.2511746,0.7362242,0.64912015,1.4760634,1.2284431,1.5641011,1.0660431,0.6292782,0.8311554,1.6173764,1.5154783,1.7548683,1.2364391,0.6156863,1.0951308,0.7639041,0.32750058,1.658041,1.4531124,1.2687734,0.95343626,1.5049379,0.8305343,1.2573502,0.91009057,0.9092532,1.454571,0.6295185,0.9162693,0.97811675,1.3385434,0.60886616,0.46990386,1.5058546,0.9643812,1.1073308,1.4872952,1.2467896,0.7850801,1.2602556,1.3469127,1.6682183,0.7276212,1.0596043,1.4625777,0.82531667,0.8689583,2.0802646
0.99435693,1.0856508,1.1812277,0.7574012,1.1119236,1.0875802,1.0751873,2.2576244,1.0551469,0.59955794,1.2735891,1.5280395,0.8472353,1.6136162,1.1060152,0.6677778,0.9700311,1.1710079,0.21272147,1.3984405,1.6006266,1.2029425,0.7597563,1.2175972,1.0605212,1.3728713,0.8960736,0.9829002,1.242045,0.29109842,0.71161115,0.5307043,1.5214319,0.8308865,0.52717507,1.453003,1.0039989,0.43432546,1.4604443,1.1840075,0.7062317,1.3442216,1.288044,1.8640755,0.51728004,0.9284933,1.5826473,0.83911556,0.86340594,1.760122
0.57904136,0.7815934,0.88733923,0.61854434,1.1218144,0.59333706,0.9325521,1.0501664,0.94456995,0.62386173,0.8094489,1.2829593,0.8222227,1.546654,0.8956941,0.5710939,0.67521465,0.6987766,-0.17947355,1.0417229,1.2484845,1.0107946,0.5968909,1.0734159,0.97335863,1.2497983,0.885232,0.8066581,0.9353538,0.07749708,0.59013695,0.40341723,1.3832893,0.6720513,0.45093372,1.3040627,0.8909699,0.5663043,1.2316033,1.0394531,0.45692867,1.347642,0.9747941,1.5431417,0.410843,0.545639,1.1853675,0.7205882,0.6375617,1.4807813
0.02205817,0.28221998,0.26300165,0.22740878,0.6794584,-0.2767133,0.50460535,0.5647255,0.56739146,0.1631449,0.22890283,0.7326723,1.7073327,1.1370537,0.6219282,0.26916456,0.21974279,-0.18991108,-0.63588077,0.31814796,0.63273245,0.6300438,-0.2903119,0.6443871,0.5254152,0.9604175,0.7219324,0.23367818,0.9625353,-0.013997911,0.43653244,0.07111389,1.0889142,0.2160666,0.6468738,0.67462265,0.6059415,0.4455781,0.84012127,0.35320887,0.07181426,1.0772119,0.5872082,1.4522715,-0.0632109,0.26257026,0.1826592,0.43599808,0.30048132,0.8942931
-0.82893795,0.3517432,-0.29186192,0.5358143,0.44094306,-0.37192148,0.37300035,-0.76722854,0.4989649,-0.06654525,0.13793218,0.78363675,0.34231305,0.77739334,0.28185517,0.36096638,0.07421228,-0.6164774,-0.7160644,-0.07309157,0.6439778,0.5448365,-0.6683803,0.24080308,0.31210455,0.6262443,0.7819519,0.0063537424,0.6464276,-0.2024127,-0.047504447,0.5058032,0.14123635,0.045824174,-0.19721322,0.40025675,0.6837454,-0.22427121,0.6959238,-0.07292122,-0.048305716,0.9377627,0.60357964,1.1389621,-0.29406568,-0.053485952,-0.053421587,0.09282294,0.20356219,0.43111908
-1.1449285,-0.15355945,-0.909242,0.41235033,0.12921338,-0.7178347,-0.015014238,-1.544381,0.33422026,-0.56310225,-0.37103495,0.54432243,-0.10488503,0.5210912,-0.07310214,0.19796447,0.038432594,-0.7811326,-0.6379091,-0.5230705,0.4916509,0.51164263,-0.78193116,-0.251396,-0.03820919,-0.0829297,0.78740543,-0.012989543,0.34006327,-1.0403337,-0.12091111,0.5002216,-0.6214183,-0.2539118,-0.6390438,-0.033340633,0.47885054,-0.55808973,0.38111502,-0.8554203,-0.24652646,0.34199965,0.27820534,0.72168237,-0.6247052,-0.061891112,-0.39382485,-0.057763606,-0.025029209,-0.015771758
-1.1818571,-0.47199428,-1.1496316,0.5374534,-0.34075236,-0.9730126,-0.32852092,-1.1994934,0.23720984,-0.4671357,-0.43024972,0.16715883,-1.0384694,-0.36522445,-0.56132084,-0.115675,-0.18003543,-0.90315205,-0.65917134,-1.069302,0.079237886,0.27613947,-0.62446046,-0.6308982,-0.43532532,-0.5436568,0.6056484,-0.19882166,-0.08494497,-1.0845394,-0.14242803,-0.16763635,-0.8605771,-0.58791834,-1.3160491,-0.31784266,-0.00019647453,-1.0120299,-0.11781002,-1.5062149,-0.3337473,-0.28890035,-0.11394267,0.03160703,-0.93055856,-0.38473794,-0.5643087,-0.09506224,-0.028910045,-0.53372425
-1.04975,-0.18733284,-1.2558861,0.8328776,-0.4694298,-0.82887924,-0.28066176,-0.9566985,0.36245796,-0.15859014,-0.27506042,0.040426955,-0.69726926,-0.64827603,-0.62533814,0.14958061,-0.041791786,-0.9489496,-0.32896155,-1.0365638,0.15103798,0.13417685,-0.37400508,-0.65430635,-0.3195224,-0.6319201,0.571178,-0.024746936,-0.78789353,-1.169544,0.043562807,0.11753338,-0.7528462,-0.5512443,-1.7611051,-0.30213803,0.024306707,-1.1029507,-0.15516022,-1.9678246,-0.29619202,-0.6370982,-0.0977219,-0.3930085,-0.8071846,-0.47823942,-0.30529818,0.20201267,0.093401685,-0.67481416
-0.5177968,-0.07231342,-0.6289309,1.3574816,-0.39629656,-0.30702174,-0.08745333,-0.6158358,0.8249924,0.50290555,-0.1860442,0.21936594,0.0556261,-0.26453146,-0.14035511,0.56258816,0.71647245,-0.2509492,0.5542645,-0.6286945,0.36213404,0.1835269,0.4508197,-0.27654645,-0.12651388,-0.044119827,0.7232328,0.48283988,-0.27728638,-1.0520229,0.38706568,0.1961646,-0.19398044,-0.22854747,-1.2611545,0.21863842,0.21189778,-0.33175385,0.11641981,-1.3066512,-0.07503227,-0.9066577,0.11660046,-0.54794765,-0.1481462,0.023870025,0.259429,0.67105556,0.63567215,-0.39470103
-0.40747142,0.12790485,-0.38752803,1.6524347,-0.3251935,0.2470784,0.19869797,-0.65159166,0.88031393,0.7740106,-0.090208285,0.22034347,0.13292614,0.1134477,-0.009582677,1.0882677,1.0165774,-0.40165123,0.5967889,-0.21274352,0.3485119,0.24187839,-0.052892406,-0.15234292,0.09487987,0.18554163,0.9566979,0.6904499,-0.30789012,-1.1325392,0.8203902,0.746959,0.42805934,-0.06749184,-0.43837184,0.48341802,0.44091693,0.3925594,0.4434227,-1.3635175,0.015634393,-0.77246356,0.3391565,-0.20224573,0.064700015,0.1654123,0.5926205,0.7306694,0.78030956,-0.009279347
-0.14822169,1.4315228,0.13031872,2.007735,0.68142354,1.1733418,1.0636144,-0.0032369818,1.5421772,1.064091,1.6866372,1.1274812,0.3661398,0.72931355,0.5833486,1.9033948,0.99940246,0.06963343,0.75271654,0.71005976,1.4293091,0.97954017,0.34425828,0.29311723,1.2285485,0.56296146,1.5290956,0.7432839,0.6711459,-0.22910075,1.4108684,1.9674718,0.4700763,0.71408117,0.38421988,0.98364025,1.2337338,0.6050618,1.32999,-0.2622558,0.466006,0.13172728,1.4645817,0.4825733,0.3916515,0.23165637,1.244356,1.3859893,1.9082664,0.82105
0.8242038,2.0960429,0.75634503,2.0993204,1.439261,2.0265887,1.9896117,0.68557996,1.9281749,1.474037,2.0177937,1.5880172,1.6961309,1.2551959,1.5143865,2.3141544,1.6443499,1.2507133,1.2419603,1.5681688,2.0450256,1.8069285,1.3698912,1.0227587,2.1103537,0.8388313,2.4277449,1.464211,1.33754,0.5907215,1.8360537,2.6507778,0.35888678,1.5216774,0.4220541,1.8436311,2.077255,0.97305125,2.1648285,1.0616186,1.0998468,1.0805079,2.1432374,0.69062984,1.2066714,0.7028994,2.1426835,2.2702367,2.5412495,1.4557302
1.215411,1.4624479,1.0272667,1.328787,1.6771591,1.6708835,1.6344831,0.8730906,1.556601,1.2762479,1.7923422,1.1297512,1.6325686,1.1345575,1.5605825,2.082301,1.5543581,0.8253398,1.1330677,0.9273449,1.4952086,1.6418313,1.2452459,0.84840924,1.9389557,1.2072479,2.2603726,1.7442211,1.4090796,0.73107195,1.781212,1.9789546,1.7831258,1.25914,1.8183126,1.1246437,2.0571585,1.6861856,1.6831818,0.83268577,1.2270933,1.1392353,1.4348665,0.7419797,1.5686518,1.2242885,1.8642178,2.1591191,2.2462044,1.497315
0.34119323,0.9625707,0.29895455,0.37777743,1.6265683,0.9765357,1.335796,-0.07323671,0.9011831,0.23589799,1.3005351,0.55439603,1.0569142,0.21282817,0.89370286,0.97723985,0.5826905,0.50623393,0.27836627,0.33678102,0.66529787,1.42486,0.34246933,0.16823229,1.6479626,0.25935,1.9532592,0.46725243,1.1060939,0.71429706,0.87576085,1.007096,0.8579696,0.88486046,1.2762415,0.44945708,1.703743,0.845187,1.0695714,0.6505849,0.72395927,1.0890589,1.1787455,0.5494263,0.6287411,0.45580983,0.8836119,1.3761503,1.7832803,0.8235133
0.11368884,0.82009465,-0.0155531345,0.07926336,1.6063159,0.8451301,1.2075708,-0.13608101,0.6741111,0.12508889,1.393585,0.24160077,0.48693362,-0.27706072,0.70578283,0.5614138,0.49685022,0.414601,0.35854992,0.45166662,0.40556648,1.3493872,0.5104797,-0.054668136,1.5270038,-0.1906156,1.3139671,0.3620297,0.9864908,0.63261837,0.46949887,0.8069097,0.24714334,0.8495773,0.8876292,0.23721895,1.6004815,0.32309684,0.6879665,0.860752,0.40913555,1.0989988,0.8781271,0.09401244,0.51885265,0.1709366,0.46661407,0.7573076,1.110137,0.43581617
0.6638415,0.41241127,0.32279932,0.10379411,0.84354115,0.53515524,0.771318,1.1836705,0.41472986,0.443465,0.71307236,0.059265252,0.42421058,-0.3386924,0.74005646,0.17452748,0.721003,0.59977895,0.6770435,0.07346203,-0.039175514,0.7414758,0.9318854,0.12181857,0.8265315,-0.18704022,0.5583758,0.48944598,1.0337914,1.1240629,0.25970462,0.35675344,-0.0030127899,0.5736562,1.1754493,0.25406548,0.91429424,0.41878116,0.054946233,0.7730488,0.50912875,0.57300174,0.18068893,-0.24049532,0.657758,0.34912285,-0.033226687,-0.033693276,0.2390275,0.1917349
-0.022484358,-0.062082585,-0.08524671,-0.37983108,0.14589287,0.10430933,0.2053243,-0.11808594,-0.28578925,0.21776687,0.12856205,-0.3802122,-0.31253877,-0.5701131,0.097618856,-0.35871834,0.13586636,0.054260306,0.33501822,-0.14899592,-0.64542043,0.19791062,0.18712041,-0.09804645,0.25295016,-0.428832,-0.17540629,-0.11893968,0.3484989,0.03279095,-0.08791053,-0.12653537,-0.4778447,0.2820212,0.8908121,-0.2471577,0.17263095,0.38382867,-0.42737576,-0.14596225,0.24991535,0.16193055,-0.22478914,-0.52163154,0.40483087,-0.07756175,-0.56552523,-0.7428256,-0.75208265,-0.19515854
-0.35086888,0.03247516,-0.24207838,-0.49607897,0.16773702,-0.10101081,-0.01139894,0.0691053,-0.51142704,-0.15533674,0.29434127,-0.53872234,-0.84243715,-0.94576526,-0.17335933,-0.5813445,-0.15967356,-0.32550505,-0.29752922,-0.06448852,-0.53412557,0.2440313,-0.12590723,-0.061900437,0.21685877,-0.5593861,-0.60796696,-0.40606055,-0.48689142,0.23047309,-0.5056903,-0.15305273,-1.1891063,0.21764043,0.19001983,-0.5854136,-0.099275775,-0.117761925,-0.56364244,-0.47829372,0.17963889,0.15277836,-0.2873843,-0.94785285,0.45930192,-0.44433385,-0.63035333,-1.1440583,-0.9781159,-0.39142352
0.12502317,-0.46674323,-0.04064755,-0.6853351,-0.27051005,-0.19874036,-0.43790162,-0.2114899,-0.7978757,-0.4195833,-0.06611763,-0.85415196,-0.5781721,-0.96823895,-0.4023231,-0.9291244,-0.32222396,-0.41812244,0.01697857,-0.41976538,-0.8785815,-0.13530898,0.045223426,-0.17033848,-0.16868149,-0.5463236,-0.924914,-0.814437,-0.43699688,0.16884677,-0.93503904,-0.676033,-1.2303936,-0.003989485,-0.047807336,-0.4823043,-0.48035216,-0.23422603,-0.87663734,-0.42604023,-0.1489895,-0.4462289,-0.5782895,-1.3091156,0.26730335,-0.2079288,-0.6309373,-1.290296,-1.1740618,-0.3481373
-0.22235556,-0.6803701,-0.14531457,-0.961617,-0.57915395,-0.6646784,-0.7774835,-0.2794665,-1.2165782,-0.8490323,-0.4938169,-1.0506535,-0.7056433,-1.3374332,-0.8193562,-1.2169614,-0.5684785,-0.53188735,-0.32113183,-0.5459708,-1.1972476,-0.6381729,-0.71444964,-0.48062274,-0.4682012,-0.51696545,-1.2149863,-1.25957,-0.6041185,-0.9120599,-1.2679114,-0.80271876,-0.53556055,-0.48029983,0.3725492,-1.0631362,-0.81584644,-0.105580166,-1.2165493,-1.3220922,-0.42459908,-0.65892667,-1.0908328,-1.3394982,-0.021960987,-0.32563272,-0.9501821,-1.4122471,-1.3252108,-0.6219772
-0.4615168,-0.55876267,-0.119916186,-1.1267945,-0.43748373,-0.8262197,-0.861342,-0.39542288,-1.1193041,-1.0893619,0.30592918,-1.0587554,-0.85487956,-1.6187454,-0.9643658,-1.2949561,-1.0262932,-0.663922,-0.6779513,-0.49645185,-1.043762,-0.60367984,-0.99528974,-0.5177289,-0.37273365,-0.7734717,-1.2252533,-1.4548734,-0.7880243,-0.6240291,-1.3840277,-0.9608081,-0.8962442,-0.5372384,0.23549303,-1.3841085,-0.7317413,-0.19887534,-1.2349529,-1.245861,-0.6093213,-0.44799092,-1.1222057,-1.6155052,-0.1757714,-0.38950247,-1.1592845,-1.4745066,-1.5357934,-0.74807817
0.1608461,-0.7896928,0.18569192,-1.0694995,-0.718859,-1.0409864,-1.0874159,0.17311463,-1.125156,-0.93029696,-0.40687984,-1.3076628,-0.304931,-1.6430873,-0.6491082,-1.1738622,-0.7945779,-0.17376173,-0.3241531,-0.58905464,-1.1545484,-0.9863145,-0.4103114,-0.44660616,-0.68063587,-0.381243,-1.3103884,-1.0864455,-0.7165938,-0.2959904,-1.1036081,-0.9740386,-0.5589333,-0.7214745,0.35750464,-1.2675502,-0.82454747,-0.14395419,-1.3351802,-0.65098923,-0.71478224,-0.6975047,-1.3662434,-1.4454325,0.20839278,0.0018044979,-1.1115953,-1.2937976,-1.56059,-0.7214614
-0.3473557,-0.27815092,-0.077140845,-1.0742286,-0.9008719,-1.0421435,-1.1531876,-0.76520544,-1.1003306,-0.982369,-0.29032153,-0.93817043,0.14706527,-1.5734597,-0.7980254,-1.2127504,-0.8468435,-0.46054998,-0.75661725,-0.6656862,-1.202687,-1.2069328,-1.0349244,-0.73670346,-0.794199,-0.7921037,-1.3054994,-1.327665,-0.31824395,-0.3619921,-1.119955,-1.0710497,-0.899311,-1.0288113,0.14959686,-1.1315514,-1.1676903,-0.31007445,-1.2052423,-0.6148357,-0.885002,-0.7038584,-1.1973227,-1.2307912,-0.32099503,-0.3332148,-1.0997509,-1.2287195,-1.4814909,-0.9011196
-0.7563937,-0.18622838,-0.42770275,-1.0125248,-0.8641997,-1.1391822,-0.9908885,-0.3404368,-1.2507503,-1.2883822,-0.08462225,-0.8505732,0.41786167,-1.7549005,-0.8419315,-1.2110057,-1.0715992,-0.6042092,-1.0849547,-0.68017554,-1.0138925,-1.140675,-1.0284342,-0.73860836,-0.66542315,-0.7702739,-1.2700714,-1.5399215,-0.57687163,-0.26930237,-1.1550884,-0.7723863,-1.082821,-0.9379926,0.070087716,-0.92541754,-1.134023,-0.5957264,-1.1005796,-0.57703465,-1.0958172,-0.54092246,-1.1529622,-1.5305729,-0.63639545,-0.6033592,-1.1154104,-1.2591187,-1.3801094,-0.9749159
-0.24750073,-0.66089666,-0.18977864,-1.203194,-0.99731094,-1.6705381,-1.2165834,-0.55109614,-1.18839,-1.1698704,-0.8027539,-1.2512308,0.661365,-1.7451411,-0.662947,-1.4544685,-0.87847155,-0.6236717,-0.7744043,-1.0936155,-1.1335357,-1.4110144,-0.8076562,-0.58231634,-0.9270552,-0.58651406,-1.3813303,-1.3867191,-0.24779432,-0.27905408,-1.0578271,-1.1076778,-0.42893752,-1.1964794,0.25473905,-1.0383668,-1.2762284,-0.68529034,-1.1895131,-0.6694704,-1.1455255,-0.8294082,-1.4669381,-1.6796318,-0.49022543,-0.42217335,-1.317632,-1.232567,-1.5236567,-1.052042
-0.8261159,-0.85448813,-0.59456545,-1.483489,-0.6952446,-1.6636474,-1.3768138,0.06188598,-1.5423915,-1.471874,-0.861844,-1.4469537,-0.033824462,-1.6249377,-0.84631217,-1.4312831,-1.0706173,-0.69832224,-0.9292398,-1.015214,-1.1845124,-1.4195427,-1.2349421,-0.7529878,-0.8358898,-0.83150357,-1.4628868,-1.6151124,-0.63055897,-0.72679347,-1.1913481,-1.6273317,-0.7632356,-1.1545715,-0.19748907,-1.1866446,-1.4159218,-0.90411955,-1.114058,-0.92422295,-1.3210279,-0.84881127,-1.4241258,-1.5300646,-0.7913888,-0.80502766,-1.3910538,-1.223333,-1.6068404,-1.3909312
